[losat-wasi-threads] shared-memory guards: 126 fills, 1233 copies
[losat-wasi-event] {"event":"spawn_attempt","at_ms":106.273055,"tid":1,"attempt":1}
[losat-wasi-event] {"event":"spawned","at_ms":110.244198,"tid":1}
[losat-wasi-threads] worker boot tid=1
[losat-wasi-threads] worker instantiate tid=1 start_arg=2506184
[losat-wasi-threads] worker start tid=1
[losat-wasi-event] {"event":"ready","at_ms":150.40361,"tid":1}
[losat-wasi-event] {"event":"spawn_attempt","at_ms":150.629529,"tid":2,"attempt":2}
[losat-wasi-event] {"event":"spawned","at_ms":151.134055,"tid":2}
[losat-wasi-threads] worker boot tid=2
[losat-wasi-threads] worker instantiate tid=2 start_arg=3555560
[losat-wasi-threads] worker start tid=2
[losat-wasi-event] {"event":"ready","at_ms":190.380229,"tid":2}
[losat-wasi-event] {"event":"spawn_attempt","at_ms":190.609848,"tid":3,"attempt":3}
[losat-wasi-event] {"event":"spawned","at_ms":191.089642,"tid":3}
[losat-wasi-threads] worker boot tid=3
[losat-wasi-threads] worker instantiate tid=3 start_arg=4604936
[losat-wasi-threads] worker start tid=3
[losat-wasi-event] {"event":"ready","at_ms":229.788741,"tid":3}
[losat-wasi-event] {"event":"spawn_attempt","at_ms":229.932362,"tid":4,"attempt":4}
[losat-wasi-event] {"event":"spawned","at_ms":230.3978,"tid":4}
[losat-wasi-threads] worker boot tid=4
[losat-wasi-threads] worker instantiate tid=4 start_arg=5654312
[losat-wasi-threads] worker start tid=4
[losat-wasi-event] {"event":"ready","at_ms":268.369165,"tid":4}
[losat-thread-pool] program=blastn requested_threads=4 pool_threads=4 caller_participates=false measured_activity=null
[losat-thread-stage] program=blastn stage=subjects work_items=1 parallel_selected=false measured_activity=null
[losat-thread-stage] program=blastn stage=subject_chunks work_items=1 parallel_selected=false measured_activity=null
[losat-thread-stage] program=blastn stage=dp_traceback_max_batch work_items=16 parallel_selected=true measured_activity=null
[DP-DIAGNOSTIC] subject=0 consumed=2751 fallback=0 scratch_count=4 scratch_creation_seconds=0.000004163 scratch_initial=[9600, 9600, 9600, 9600] scratch_final=[1159598, 921459, 976855, 628181] batches=[(0, 16, 0.012976289, [(4, (0, 0.012742334, 0.000195374, 0.012938107)), (4, (1, 0.012193776, 0.000290518, 0.012484948)), (4, (2, 0.00997995, 0.00025911, 0.010239738)), (4, (3, 0.010595644, 0.00026822, 0.01086445))]), (16, 12, 0.003601552, [(3, (0, 0.00281359, 1.3497e-5, 0.002827621)), (3, (1, 0.002559182, 4.2985e-5, 0.00260264)), (3, (2, 0.003550177, 3.0715e-5, 0.003581381)), (3, (3, 0.002694506, 4.853e-5, 0.002743472))]), (32, 14, 0.002747458, [(4, (0, 0.002734024, 1.1738e-5, 0.002746199)), (4, (1, 0.00244061, 3.7255e-5, 0.002478302)), (3, (2, 0.002435269, 2.5618e-5, 0.002461322)), (3, (3, 0.002110949, 4.4039e-5, 0.002155506))]), (48, 12, 0.004222203, [(3, (0, 0.004192642, 2.7609e-5, 0.004220675)), (3, (1, 0.0016378, 7.3354e-5, 0.001711564)), (3, (2, 0.001094734, 4.4443e-5, 0.001139535)), (3, (3, 0.003328081, 6.2047e-5, 0.003390475))]), (64, 8, 0.001977394, [(2, (0, 0.000819001, 3.3522e-5, 0.000852857)), (2, (1, 0.001088512, 0.000139953, 0.001228727)), (2, (2, 0.001414203, 0.000102653, 0.00151727)), (2, (3, 0.001745113, 0.000146859, 0.001892404))]), (80, 7, 0.0025348, [(2, (0, 0.002522593, 1.0696e-5, 0.002533624)), (2, (1, 0.000796898, 5.254e-5, 0.000849884)), (2, (2, 0.000655429, 5.5819e-5, 0.000711612)), (1, (3, 0.00026278, 6.3594e-5, 0.000326579))]), (96, 6, 0.001080508, [(2, (0, 0.000822819, 1.7099e-5, 0.000840191)), (2, (1, 0.00070009, 6.3189e-5, 0.00076364)), (1, (2, 0.000944093, 4.7123e-5, 0.000991562)), (1, (3, 0.000391038, 7.6165e-5, 0.00046755))]), (112, 9, 0.002908601, [(3, (0, 0.001838059, 1.2219e-5, 0.001850688)), (2, (1, 0.000857839, 4.7851e-5, 0.000906116)), (2, (2, 0.002837972, 4.0229e-5, 0.002878598)), (2, (3, 0.000617679, 5.6542e-5, 0.00067468))]), (128, 7, 0.001000687, [(2, (0, 0.000822507, 1.1851e-5, 0.000834659)), (2, (1, 0.000952279, 1.9575e-5, 0.000972106)), (2, (2, 0.000974187, 1.3789e-5, 0.000988228)), (1, (3, 0.000373445, 2.1509e-5, 0.000395333))]), (144, 5, 0.001122077, [(2, (0, 0.001116818, 3.962e-6, 0.001121065)), (1, (1, 0.00093984, 2.8406e-5, 0.00096862)), (1, (2, 0.000298183, 1.6684e-5, 0.000315194)), (1, (3, 0.000225285, 3.4296e-5, 0.000259856))]), (160, 13, 0.002420931, [(4, (0, 0.001227839, 1.2466e-5, 0.001240662)), (3, (1, 0.002320321, 6.9254e-5, 0.002389989)), (3, (2, 0.001296796, 3.407e-5, 0.001331353)), (3, (3, 0.001007281, 8.8311e-5, 0.00109594))]), (176, 5, 0.001604219, [(2, (0, 0.001350177, 4.038e-6, 0.001354673)), (1, (1, 0.001134824, 0.000104394, 0.001240034)), (1, (2, 0.000214124, 5.3889e-5, 0.000268394)), (1, (3, 0.00143959, 9.8136e-5, 0.001538254))]), (192, 8, 0.000874337, [(2, (0, 0.000377906, 4.144e-6, 0.000382306)), (2, (1, 0.000836718, 1.1486e-5, 0.000848577)), (2, (2, 0.000726429, 5.471e-6, 0.000732237)), (2, (3, 0.000753349, 3.3157e-5, 0.000786795))]), (208, 5, 0.000520557, [(2, (0, 0.000467978, 4.4789e-5, 0.000513055)), (1, (1, 0.000350772, 0.000119637, 0.000470764)), (1, (2, 0.000356092, 6.119e-5, 0.000417545)), (1, (3, 0.000339423, 0.00012143, 0.000461128))]), (224, 7, 0.000643511, [(2, (0, 0.000468594, 2.767e-6, 0.000471535)), (2, (1, 0.00059459, 1.8283e-5, 0.000613233)), (2, (2, 0.000432242, 8.446e-6, 0.000440936)), (1, (3, 0.000185036, 8.5828e-5, 0.00027122))]), (240, 10, 0.002700918, [(3, (0, 0.000605891, 4.416e-6, 0.000610534)), (3, (1, 0.002644012, 1.7438e-5, 0.002662156)), (2, (2, 0.000573269, 5.483e-6, 0.000578993)), (2, (3, 0.000383352, 3.4575e-5, 0.000418194))]), (256, 13, 0.001915625, [(4, (0, 0.001902633, 1.1365e-5, 0.00191442)), (3, (1, 0.000758435, 4.1117e-5, 0.000799911)), (3, (2, 0.001568972, 2.6796e-5, 0.001596152)), (3, (3, 0.000874977, 6.4185e-5, 0.00093983))]), (272, 8, 0.00083831, [(2, (0, 0.000822817, 1.4062e-5, 0.000837251)), (2, (1, 0.000422338, 4.7216e-5, 0.000469897)), (2, (2, 0.000611393, 3.0756e-5, 0.000642651)), (2, (3, 0.000335974, 5.4655e-5, 0.00039095))]), (288, 8, 0.001064004, [(2, (0, 0.000593283, 1.4923e-5, 0.000608586)), (2, (1, 0.000658637, 7.3826e-5, 0.000732896)), (2, (2, 0.000460308, 3.3183e-5, 0.000493787)), (2, (3, 0.000946377, 7.4845e-5, 0.001021492))]), (304, 12, 0.000924072, [(3, (0, 0.000856096, 3.545e-6, 0.000860007)), (3, (1, 0.00059241, 1.5835e-5, 0.000608599)), (3, (2, 0.000549352, 5.71e-6, 0.000555628)), (3, (3, 0.00083329, 4.5157e-5, 0.00087898))]), (320, 14, 0.001420358, [(4, (0, 0.000828982, 1.1542e-5, 0.000840951)), (4, (1, 0.000593781, 5.4413e-5, 0.000648501)), (3, (2, 0.000583533, 4.0821e-5, 0.000624796)), (3, (3, 0.001280006, 6.2792e-5, 0.001343453))]), (336, 13, 0.001054281, [(4, (0, 0.000817175, 1.3815e-5, 0.000831249)), (3, (1, 0.000412034, 3.3807e-5, 0.000446178)), (3, (2, 0.000506109, 2.949e-5, 0.000536056)), (3, (3, 0.000900089, 8.8461e-5, 0.00098902))]), (352, 13, 0.001099154, [(4, (0, 0.000534595, 1.3089e-5, 0.000547956)), (3, (1, 0.001019721, 5.0558e-5, 0.001070721)), (3, (2, 0.000750548, 3.3354e-5, 0.000784298)), (3, (3, 0.000526884, 5.7689e-5, 0.00058497))]), (368, 14, 0.001116375, [(4, (0, 0.000784558, 4.558e-6, 0.000789419)), (4, (1, 0.000876174, 3.9029e-5, 0.000915617)), (3, (2, 0.001056016, 2.9789e-5, 0.001086227)), (3, (3, 0.000824682, 4.6631e-5, 0.000874668))]), (384, 15, 0.00236042, [(4, (0, 0.000916515, 4.662e-6, 0.000921462)), (4, (1, 0.002312071, 1.8004e-5, 0.002330418)), (4, (2, 0.001373925, 1.6707e-5, 0.001391566)), (3, (3, 0.000561598, 2.2887e-5, 0.000584996))]), (400, 14, 0.001038099, [(4, (0, 0.000532218, 1.5196e-5, 0.000547705)), (4, (1, 0.000685756, 5.3823e-5, 0.000739968)), (3, (2, 0.000974302, 3.2854e-5, 0.001007582)), (3, (3, 0.000440913, 4.958e-5, 0.00049089))]), (416, 15, 0.00064902, [(4, (0, 0.000634359, 1.2982e-5, 0.000647697)), (4, (1, 0.000484098, 4.6817e-5, 0.000531373)), (4, (2, 0.00060418, 2.8087e-5, 0.000632619)), (3, (3, 0.000391303, 4.1834e-5, 0.000433423))]), (432, 15, 0.000929649, [(4, (0, 0.000557067, 1.9101e-5, 0.000576444)), (4, (1, 0.000828421, 6.9674e-5, 0.00089845)), (4, (2, 0.00070449, 3.7969e-5, 0.000742863)), (3, (3, 0.000637696, 8.9353e-5, 0.000727554))]), (448, 16, 0.001081136, [(4, (0, 0.000474436, 1.4847e-5, 0.000489562)), (4, (1, 0.001007081, 4.3385e-5, 0.001050823)), (4, (2, 0.000870025, 2.6146e-5, 0.000896435)), (4, (3, 0.000689136, 4.8597e-5, 0.000738017))]), (464, 16, 0.000897949, [(4, (0, 0.000565252, 1.1844e-5, 0.000577482)), (4, (1, 0.000831976, 3.9199e-5, 0.000871454)), (4, (2, 0.000658519, 2.8196e-5, 0.00068709)), (4, (3, 0.000567122, 4.9187e-5, 0.000616777))]), (480, 16, 0.000641345, [(4, (0, 0.000506949, 1.2123e-5, 0.000519328)), (4, (1, 0.000568759, 4.2703e-5, 0.00061184)), (4, (2, 0.000524414, 2.6842e-5, 0.000551565)), (4, (3, 0.000433967, 4.6723e-5, 0.000481066))]), (496, 15, 0.001059675, [(4, (0, 0.00081014, 1.2383e-5, 0.000822821)), (4, (1, 0.000741874, 4.6293e-5, 0.000790463)), (4, (2, 0.000772394, 2.6921e-5, 0.000799581)), (3, (3, 0.000969328, 3.9963e-5, 0.001009539))]), (512, 14, 0.000638651, [(4, (0, 0.000611397, 1.319e-5, 0.000624918)), (4, (1, 0.000600479, 2.6762e-5, 0.000627618)), (3, (2, 0.000405514, 4.1049e-5, 0.000446887)), (3, (3, 0.000478723, 5.9183e-5, 0.000538142))]), (528, 15, 0.00070226, [(4, (0, 0.000577085, 1.2127e-5, 0.000589459)), (4, (1, 0.000507917, 4.3767e-5, 0.000552095)), (4, (2, 0.000636568, 3.7504e-5, 0.000674385)), (3, (3, 0.000513514, 3.7028e-5, 0.000550778))]), (544, 16, 0.000778938, [(4, (0, 0.000426564, 1.2534e-5, 0.000439372)), (4, (1, 0.000479111, 3.1405e-5, 0.000510805)), (4, (2, 0.00070795, 4.3632e-5, 0.000751953)), (4, (3, 0.00048413, 4.9199e-5, 0.00053354))]), (560, 15, 0.001201335, [(4, (0, 0.001186643, 1.2886e-5, 0.001200006)), (4, (1, 0.000471519, 4.6023e-5, 0.000517866)), (4, (2, 0.00052334, 2.835e-5, 0.00055199)), (3, (3, 0.000434006, 3.8557e-5, 0.000472824))]), (576, 15, 0.00074577, [(4, (0, 0.00059293, 1.9491e-5, 0.000612824)), (4, (1, 0.000580701, 7.8304e-5, 0.000659359)), (4, (2, 0.000678785, 3.9693e-5, 0.000718762)), (3, (3, 0.000431298, 9.512e-5, 0.000526919))]), (592, 16, 0.000903371, [(4, (0, 0.000570733, 1.3405e-5, 0.000584418)), (4, (1, 0.00051089, 5.2507e-5, 0.000563734)), (4, (2, 0.000525377, 6.7487e-5, 0.000593164)), (4, (3, 0.000770207, 8.9732e-5, 0.000860368))]), (608, 16, 0.000974325, [(4, (0, 0.000704715, 1.318e-5, 0.000718215)), (4, (1, 0.000873775, 7.3997e-5, 0.000948033)), (4, (2, 0.000685075, 5.7781e-5, 0.000743166)), (4, (3, 0.00068953, 6.7047e-5, 0.000756793))]), (624, 16, 0.000565173, [(4, (0, 0.000558511, 5.618e-6, 0.000564369)), (4, (1, 0.000534838, 2.6324e-5, 0.000561355)), (4, (2, 0.000534736, 1.4847e-5, 0.000549803)), (4, (3, 0.000505361, 3.7281e-5, 0.00054361))]), (640, 13, 0.001620498, [(4, (0, 0.000478851, 1.1367e-5, 0.000490446)), (3, (1, 0.000385313, 3.9804e-5, 0.00042531)), (3, (2, 0.001518288, 3.159e-5, 0.00155181)), (3, (3, 0.000449792, 5.0017e-5, 0.000500209))]), (656, 11, 0.000648759, [(3, (0, 0.000465556, 1.0563e-5, 0.000476345)), (3, (1, 0.000414923, 3.1692e-5, 0.00044701)), (3, (2, 0.00055778, 2.6048e-5, 0.000584213)), (2, (3, 0.000348523, 0.000147059, 0.000496037))]), (672, 15, 0.000941021, [(4, (0, 0.000550093, 5.731e-6, 0.00055611)), (4, (1, 0.000608286, 2.473e-5, 0.000633324)), (4, (2, 0.000904505, 8.726e-6, 0.000913678)), (3, (3, 0.000726992, 1.9502e-5, 0.000746932))]), (688, 16, 0.000716735, [(4, (0, 0.000506671, 4.857e-6, 0.00051177)), (4, (1, 0.000546348, 1.1231e-5, 0.00055785)), (4, (2, 0.00064389, 9.174e-6, 0.00065346)), (4, (3, 0.000562136, 1.1612e-5, 0.000574085))]), (704, 16, 0.001102538, [(4, (0, 0.000754399, 5.625e-6, 0.000760507)), (4, (1, 0.000719464, 0.00034647, 0.0010664)), (4, (2, 0.000935748, 2.5143e-5, 0.000961209)), (4, (3, 0.000577559, 0.000341714, 0.000919585))]), (720, 16, 0.000718585, [(4, (0, 0.000538678, 1.2226e-5, 0.000551146)), (4, (1, 0.000678437, 2.6179e-5, 0.000704887)), (4, (2, 0.000570909, 3.9314e-5, 0.000610456)), (4, (3, 0.000602124, 5.0576e-5, 0.000653086))]), (736, 11, 0.000649434, [(3, (0, 0.000377296, 1.2467e-5, 0.000390059)), (3, (1, 0.00055926, 5.2366e-5, 0.00061238)), (3, (2, 0.000356927, 3.7135e-5, 0.000394255)), (2, (3, 0.000242571, 4.4346e-5, 0.000287116))]), (752, 15, 0.000686814, [(4, (0, 0.000507656, 1.2743e-5, 0.000520713)), (4, (1, 0.000539981, 4.7159e-5, 0.000587536)), (4, (2, 0.000630267, 3.0652e-5, 0.000661149)), (3, (3, 0.000386127, 5.6021e-5, 0.000442407))]), (768, 16, 0.000653031, [(4, (0, 0.000513025, 3.397e-6, 0.00051667)), (4, (1, 0.000572681, 3.5756e-5, 0.000608756)), (4, (2, 0.000591514, 1.3403e-5, 0.000605214)), (4, (3, 0.000529193, 2.9354e-5, 0.000558793))]), (784, 16, 0.000708599, [(4, (0, 0.000646277, 6.153e-6, 0.000652712)), (4, (1, 0.000593599, 0.000101766, 0.000695772)), (4, (2, 0.000570405, 2.7587e-5, 0.00059826)), (4, (3, 0.000535798, 0.000111188, 0.00064733))]), (800, 16, 0.000677626, [(4, (0, 0.00048454, 1.1576e-5, 0.000496531)), (4, (1, 0.000617045, 2.9981e-5, 0.000647386)), (4, (2, 0.000474023, 2.9384e-5, 0.000503701)), (4, (3, 0.000442711, 3.556e-5, 0.000480836))]), (816, 16, 0.000641333, [(4, (0, 0.000500137, 1.1361e-5, 0.000511755)), (4, (1, 0.000525797, 4.0892e-5, 0.000567034)), (4, (2, 0.00050201, 5.5414e-5, 0.000557621)), (4, (3, 0.000510424, 6.245e-5, 0.000573086))]), (832, 16, 0.000549162, [(4, (0, 0.000528934, 1.3565e-5, 0.000542827)), (4, (1, 0.000500767, 4.0062e-5, 0.000541096)), (4, (2, 0.000482883, 2.9243e-5, 0.000512392)), (4, (3, 0.000480004, 5.1831e-5, 0.000532251))]), (848, 16, 0.000935159, [(4, (0, 0.000921308, 1.28e-5, 0.000934351)), (4, (1, 0.000495401, 4.6315e-5, 0.000541983)), (4, (2, 0.000690778, 2.813e-5, 0.000719107)), (4, (3, 0.000598798, 4.2044e-5, 0.000641049))]), (864, 15, 0.000838275, [(4, (0, 0.000686191, 1.3854e-5, 0.000700387)), (4, (1, 0.000717992, 8.9197e-5, 0.000807449)), (4, (2, 0.000551219, 7.1945e-5, 0.000625675)), (3, (3, 0.000576898, 0.000132318, 0.000710999))]), (880, 16, 0.000628969, [(4, (0, 0.00050868, 6.263e-6, 0.000515191)), (4, (1, 0.000502186, 3.5849e-5, 0.000538452)), (4, (2, 0.000596435, 8.771e-6, 0.000605433)), (4, (3, 0.00048166, 3.9507e-5, 0.000521556))]), (896, 14, 0.00072004, [(4, (0, 0.000436895, 5.1125e-5, 0.000488316)), (4, (1, 0.000633893, 5.559e-5, 0.000689912)), (3, (2, 0.000405947, 1.4781e-5, 0.000421011)), (3, (3, 0.000352736, 2.8087e-5, 0.000381116))]), (912, 16, 0.000731737, [(4, (0, 0.000569343, 5.799e-6, 0.000575372)), (4, (1, 0.000638575, 6.6039e-5, 0.000704926)), (4, (2, 0.000525222, 4.9746e-5, 0.000575191)), (4, (3, 0.000532095, 7.3539e-5, 0.000605965))]), (928, 16, 0.000728352, [(4, (0, 0.000640554, 1.4139e-5, 0.000654948)), (4, (1, 0.00067573, 2.8926e-5, 0.000704949)), (4, (2, 0.000585772, 4.1481e-5, 0.000627499)), (4, (3, 0.000480165, 4.7512e-5, 0.000527905))]), (944, 16, 0.000703657, [(4, (0, 0.000689932, 1.2675e-5, 0.000702874)), (4, (1, 0.000641176, 3.6708e-5, 0.000678095)), (4, (2, 0.00061723, 2.4668e-5, 0.000642186)), (4, (3, 0.000572143, 4.593e-5, 0.000618361))]), (960, 16, 0.000656717, [(4, (0, 0.000556478, 1.3544e-5, 0.000570303)), (4, (1, 0.000542565, 5.25e-5, 0.000595367)), (4, (2, 0.000610841, 3.1224e-5, 0.000642327)), (4, (3, 0.000548017, 6.7775e-5, 0.000616117))]), (976, 16, 0.000663568, [(4, (0, 0.00047061, 1.5112e-5, 0.000486019)), (4, (1, 0.000581573, 5.6435e-5, 0.000638206)), (4, (2, 0.000524877, 3.8446e-5, 0.000563531)), (4, (3, 0.000472051, 5.0088e-5, 0.000522362))]), (992, 16, 0.000903673, [(4, (0, 0.00050484, 1.255e-5, 0.000517623)), (4, (1, 0.000568613, 5.2021e-5, 0.000620838)), (4, (2, 0.000575687, 3.8107e-5, 0.000614088)), (4, (3, 0.000802709, 6.143e-5, 0.000864434))]), (1008, 16, 0.000543748, [(4, (0, 0.000537295, 5.393e-6, 0.000542916)), (4, (1, 0.000473551, 9.795e-6, 0.00048357)), (4, (2, 0.000472726, 8.06e-6, 0.000481097)), (4, (3, 0.000492645, 1.6172e-5, 0.000508991))]), (1024, 16, 0.000592795, [(4, (0, 0.000410695, 1.3396e-5, 0.00042433)), (4, (1, 0.000527348, 4.2898e-5, 0.000570444)), (4, (2, 0.000444517, 2.5831e-5, 0.000470561)), (4, (3, 0.000415669, 3.8037e-5, 0.00045391))]), (1040, 16, 0.000929805, [(4, (0, 0.000560749, 1.2535e-5, 0.000573601)), (4, (1, 0.000684461, 8.4865e-5, 0.000769702)), (4, (2, 0.000873374, 2.7481e-5, 0.000901155)), (4, (3, 0.000551106, 9.2004e-5, 0.000643353))]), (1056, 16, 0.000646592, [(4, (0, 0.000437938, 1.406e-5, 0.000452302)), (4, (1, 0.000582843, 3.626e-5, 0.00061941)), (4, (2, 0.000525874, 0.000105361, 0.000631539)), (4, (3, 0.000427194, 0.000119433, 0.00054694))]), (1072, 16, 0.000820503, [(4, (0, 0.000557746, 1.3898e-5, 0.000571916)), (4, (1, 0.000543225, 0.000115687, 0.000659125)), (4, (2, 0.000527991, 0.000105592, 0.000633936)), (4, (3, 0.000623505, 0.000120755, 0.000744504))]), (1088, 16, 0.000729018, [(4, (0, 0.000456122, 1.3509e-5, 0.000469868)), (4, (1, 0.00041868, 3.6382e-5, 0.000455287)), (4, (2, 0.000535875, 3.1152e-5, 0.00056747)), (4, (3, 0.000628907, 4.2586e-5, 0.00067186))]), (1104, 16, 0.000652762, [(4, (0, 0.00051759, 8.446e-6, 0.000526256)), (4, (1, 0.000487119, 6.7744e-5, 0.0005552)), (4, (2, 0.000498721, 1.0776e-5, 0.000510025)), (4, (3, 0.000510294, 7.1628e-5, 0.000582295))]), (1120, 16, 0.00078459, [(4, (0, 0.000684304, 1.579e-5, 0.000700638)), (4, (1, 0.000705657, 4.6696e-5, 0.000752658)), (4, (2, 0.000599338, 3.0242e-5, 0.000629795)), (4, (3, 0.00044399, 3.6462e-5, 0.000480728))]), (1136, 15, 0.000652938, [(4, (0, 0.000512457, 6.222e-6, 0.000518972)), (4, (1, 0.000544385, 7.7166e-5, 0.000621949)), (4, (2, 0.000597333, 4.7063e-5, 0.000644758)), (3, (3, 0.000409671, 6.0634e-5, 0.000470611))]), (1152, 16, 0.000759132, [(4, (0, 0.000633815, 1.3744e-5, 0.000647819)), (4, (1, 0.000534052, 0.000162569, 0.000696942)), (4, (2, 0.000557279, 7.8906e-5, 0.000636406)), (4, (3, 0.000495341, 0.000214174, 0.000710429))]), (1168, 16, 0.000591942, [(4, (0, 0.000416972, 3.879e-6, 0.000421035)), (4, (1, 0.000484317, 7.8479e-5, 0.000563081)), (4, (2, 0.000522887, 6.6608e-5, 0.000589836)), (4, (3, 0.000453818, 8.8817e-5, 0.000542958))]), (1184, 16, 0.000610068, [(4, (0, 0.000462543, 1.3639e-5, 0.000476426)), (4, (1, 0.000549498, 2.8819e-5, 0.000578553)), (4, (2, 0.00049943, 4.259e-5, 0.000542303)), (4, (3, 0.000461986, 0.000106193, 0.000568485))]), (1200, 16, 0.000642981, [(4, (0, 0.000627061, 1.4288e-5, 0.000641604)), (4, (1, 0.000577022, 2.8167e-5, 0.000605397)), (4, (2, 0.00054224, 5.7077e-5, 0.00059967)), (4, (3, 0.000480639, 5.905e-5, 0.000539905))]), (1216, 16, 0.000684642, [(4, (0, 0.0006699, 1.3213e-5, 0.000683399)), (4, (1, 0.000464283, 6.8163e-5, 0.000532742)), (4, (2, 0.000374394, 4.1504e-5, 0.000416213)), (4, (3, 0.000506659, 8.2e-5, 0.000588993))]), (1232, 16, 0.00067285, [(4, (0, 0.000434046, 1.5455e-5, 0.000449718)), (4, (1, 0.000548318, 8.4094e-5, 0.000644549)), (4, (2, 0.00040434, 3.3446e-5, 0.000438204)), (4, (3, 0.000451046, 4.6126e-5, 0.000497484))]), (1248, 16, 0.000795528, [(4, (0, 0.000657866, 1.2799e-5, 0.000670957)), (4, (1, 0.000666827, 4.841e-5, 0.000715618)), (4, (2, 0.000477998, 2.5091e-5, 0.000503372)), (4, (3, 0.00067688, 3.9193e-5, 0.0007163))]), (1264, 16, 0.000558555, [(4, (0, 0.000543108, 1.4273e-5, 0.000557648)), (4, (1, 0.000498493, 4.4524e-5, 0.000543255)), (4, (2, 0.000478257, 5.7113e-5, 0.000535576)), (4, (3, 0.000435391, 6.3237e-5, 0.000498899))]), (1280, 16, 0.000680827, [(4, (0, 0.000522332, 1.4578e-5, 0.000537196)), (4, (1, 0.000458742, 5.6191e-5, 0.000515281)), (4, (2, 0.000607959, 3.7179e-5, 0.000645348)), (4, (3, 0.000538184, 5.9906e-5, 0.000598316))]), (1296, 16, 0.00083365, [(4, (0, 0.000443935, 1.1604e-5, 0.000455828)), (4, (1, 0.000780824, 2.5348e-5, 0.000806414)), (4, (2, 0.000537712, 4.5661e-5, 0.000583714)), (4, (3, 0.00069422, 4.9689e-5, 0.000744292))]), (1312, 16, 0.000747278, [(4, (0, 0.000397063, 1.3164e-5, 0.000410538)), (4, (1, 0.000632629, 3.6485e-5, 0.000669431)), (4, (2, 0.000576256, 4.9535e-5, 0.000626142)), (4, (3, 0.000627573, 5.2673e-5, 0.000680503))]), (1328, 16, 0.00078077, [(4, (0, 0.000499019, 1.3464e-5, 0.000512745)), (4, (1, 0.000698951, 5.165e-5, 0.000751088)), (4, (2, 0.000486401, 3.9431e-5, 0.000526123)), (4, (3, 0.000541917, 5.6879e-5, 0.000599012))]), (1344, 16, 0.000605108, [(4, (0, 0.000536594, 1.3671e-5, 0.000550597)), (4, (1, 0.000555146, 3.8485e-5, 0.000593849)), (4, (2, 0.000521901, 2.682e-5, 0.00054892)), (4, (3, 0.00051385, 5.3214e-5, 0.000567286))]), (1360, 16, 0.00223823, [(4, (0, 0.001998306, 1.3238e-5, 0.002011858)), (4, (1, 0.002142464, 6.0083e-5, 0.002202815)), (4, (2, 0.000547694, 3.7616e-5, 0.000585537)), (4, (3, 0.000451132, 5.1019e-5, 0.000502397))]), (1376, 16, 0.000916621, [(4, (0, 0.000781897, 3.264e-6, 0.00078536)), (4, (1, 0.000482587, 7.4304e-5, 0.000557193)), (4, (2, 0.000830759, 5.5884e-5, 0.000887025)), (4, (3, 0.000464387, 6.4758e-5, 0.00052946))]), (1392, 16, 0.00060217, [(4, (0, 0.000393377, 4.681e-6, 0.00039828)), (4, (1, 0.00052134, 5.2816e-5, 0.000574427)), (4, (2, 0.000435637, 4.2446e-5, 0.000478317)), (4, (3, 0.000412482, 6.8757e-5, 0.000482017))]), (1408, 16, 0.000495433, [(4, (0, 0.000423508, 1.3369e-5, 0.000437091)), (4, (1, 0.000401592, 4.1171e-5, 0.000443007)), (4, (2, 0.000414768, 2.9569e-5, 0.000444609)), (4, (3, 0.000410276, 4.757e-5, 0.000458055))]), (1424, 16, 0.000850984, [(4, (0, 0.000580574, 5.104e-6, 0.000585858)), (4, (1, 0.000774546, 4.1087e-5, 0.00081591)), (4, (2, 0.000500341, 5.608e-6, 0.000506165)), (4, (3, 0.000598893, 3.7771e-5, 0.000637084))]), (1440, 16, 0.000804937, [(4, (0, 0.000482139, 1.245e-5, 0.000494816)), (4, (1, 0.000714543, 3.0274e-5, 0.000745216)), (4, (2, 0.00054478, 6.5894e-5, 0.000610911)), (4, (3, 0.000675661, 7.2281e-5, 0.000748259))]), (1456, 11, 0.000512313, [(3, (0, 0.000308337, 1.2673e-5, 0.000321327)), (3, (1, 0.00043087, 4.8534e-5, 0.000479672)), (3, (2, 0.000341843, 2.7944e-5, 0.000370033)), (2, (3, 0.00027064, 3.9622e-5, 0.000310454))]), (1472, 16, 0.000743974, [(4, (0, 0.000441726, 1.5018e-5, 0.000457014)), (4, (1, 0.000461712, 3.9626e-5, 0.000501526)), (4, (2, 0.000509191, 2.7896e-5, 0.000537343)), (4, (3, 0.000659021, 4.6416e-5, 0.000705672))]), (1488, 14, 0.00050716, [(4, (0, 0.000455139, 1.4008e-5, 0.000469361)), (4, (1, 0.000455001, 2.9316e-5, 0.000484544)), (3, (2, 0.000376483, 4.3067e-5, 0.000419723)), (3, (3, 0.00035428, 4.9559e-5, 0.000404098))]), (1504, 16, 0.000585575, [(4, (0, 0.000455418, 1.4342e-5, 0.000470072)), (4, (1, 0.000396552, 3.5496e-5, 0.000432386)), (4, (2, 0.000474279, 4.6057e-5, 0.00052056)), (4, (3, 0.000490618, 5.2164e-5, 0.000542983))]), (1520, 16, 0.000856142, [(4, (0, 0.000626932, 1.4316e-5, 0.000641565)), (4, (1, 0.000567394, 0.000150316, 0.00071793)), (4, (2, 0.000553824, 6.3451e-5, 0.000617486)), (4, (3, 0.000638543, 0.000167231, 0.00080683))]), (1536, 16, 0.00061615, [(4, (0, 0.000441523, 2.37e-5, 0.000465521)), (4, (1, 0.000530948, 5.6838e-5, 0.000588047)), (4, (2, 0.00053004, 4.0655e-5, 0.000570994)), (4, (3, 0.000474809, 6.2725e-5, 0.000537725))]), (1552, 16, 0.000567882, [(4, (0, 0.000484276, 1.3318e-5, 0.000497883)), (4, (1, 0.000505307, 5.0304e-5, 0.000555993)), (4, (2, 0.000513372, 2.7999e-5, 0.000541603)), (4, (3, 0.000502698, 4.0915e-5, 0.000543846))]), (1568, 16, 0.000742318, [(4, (0, 0.000490235, 1.2919e-5, 0.000503387)), (4, (1, 0.000546541, 3.9607e-5, 0.000586322)), (4, (2, 0.000520973, 3.0144e-5, 0.000551474)), (4, (3, 0.000651849, 4.8018e-5, 0.000700101))]), (1584, 16, 0.000671487, [(4, (0, 0.000469206, 1.3342e-5, 0.000482815)), (4, (1, 0.000558926, 4.2417e-5, 0.000601629)), (4, (2, 0.000609831, 2.8224e-5, 0.000638274)), (4, (3, 0.00056261, 4.6685e-5, 0.000609542))]), (1600, 15, 0.000626676, [(4, (0, 0.000610376, 1.4983e-5, 0.00062567)), (4, (1, 0.000552435, 2.7892e-5, 0.000580524)), (4, (2, 0.000545541, 4.2066e-5, 0.000587943)), (3, (3, 0.0003896, 4.7804e-5, 0.000437612))]), (1616, 15, 0.00069497, [(4, (0, 0.000554253, 1.2835e-5, 0.000567339)), (4, (1, 0.000582171, 7.4129e-5, 0.000656652)), (4, (2, 0.000594727, 4.4318e-5, 0.000639394)), (3, (3, 0.000437048, 6.4937e-5, 0.000502307))]), (1632, 16, 0.000572052, [(4, (0, 0.000507712, 1.2709e-5, 0.000520755)), (4, (1, 0.00053002, 2.7902e-5, 0.000558123)), (4, (2, 0.000523781, 4.304e-5, 0.000567069)), (4, (3, 0.000508377, 5.4519e-5, 0.000563254))]), (1648, 16, 0.000729415, [(4, (0, 0.000602349, 1.2498e-5, 0.000615124)), (4, (1, 0.000659126, 4.412e-5, 0.000703485)), (4, (2, 0.000680527, 2.8205e-5, 0.000708993)), (4, (3, 0.000573695, 4.918e-5, 0.000623106))]), (1664, 16, 0.000592342, [(4, (0, 0.000478548, 1.3656e-5, 0.000492454)), (4, (1, 0.000476246, 4.4921e-5, 0.000521378)), (4, (2, 0.000492315, 2.8436e-5, 0.000520958)), (4, (3, 0.000492939, 5.0171e-5, 0.000543379))]), (1680, 16, 0.000608285, [(4, (0, 0.000515666, 1.3344e-5, 0.000529301)), (4, (1, 0.000532142, 4.1708e-5, 0.000574075)), (4, (2, 0.000531549, 2.7592e-5, 0.000559349)), (4, (3, 0.000522813, 4.8189e-5, 0.000571231))]), (1696, 16, 0.000621351, [(4, (0, 0.000521931, 1.3623e-5, 0.00053578)), (4, (1, 0.000443188, 4.2788e-5, 0.000486168)), (4, (2, 0.000468431, 5.5859e-5, 0.000524535)), (4, (3, 0.000500112, 6.1352e-5, 0.000561724))]), (1712, 16, 0.000627547, [(4, (0, 0.000498549, 5.785e-6, 0.000504575)), (4, (1, 0.000522631, 6.5561e-5, 0.000588762)), (4, (2, 0.000573287, 2.4215e-5, 0.000597836)), (4, (3, 0.000499394, 4.8393e-5, 0.000548157))]), (1728, 13, 0.000530588, [(4, (0, 0.000515607, 1.3915e-5, 0.000529791)), (3, (1, 0.00044824, 4.5118e-5, 0.000493558)), (3, (2, 0.000410414, 2.9017e-5, 0.000439635)), (3, (3, 0.000369305, 4.8583e-5, 0.000421442))]), (1744, 15, 0.000622535, [(4, (0, 0.000510449, 1.2413e-5, 0.000523145)), (4, (1, 0.000534884, 5.9848e-5, 0.000594981)), (4, (2, 0.000513954, 2.9154e-5, 0.000543363)), (3, (3, 0.000371146, 5.2646e-5, 0.000424052))]), (1760, 15, 0.000804268, [(4, (0, 0.000525892, 5.16e-6, 0.000531243)), (4, (1, 0.000626125, 0.0001529, 0.000779266)), (4, (2, 0.000568848, 0.000136475, 0.000705666)), (3, (3, 0.000457704, 0.000156662, 0.00061459))]), (1776, 16, 0.000639902, [(4, (0, 0.00046651, 1.3827e-5, 0.000480602)), (4, (1, 0.000507362, 4.6237e-5, 0.000553885)), (4, (2, 0.000551241, 6.2364e-5, 0.000613855)), (4, (3, 0.000501154, 6.7409e-5, 0.000568773))]), (1792, 16, 0.001315214, [(4, (0, 0.000492117, 1.4168e-5, 0.000506545)), (4, (1, 0.000641122, 3.0383e-5, 0.000671809)), (4, (2, 0.000558369, 4.4257e-5, 0.00060293)), (4, (3, 0.001197845, 5.4126e-5, 0.001252283))]), (1808, 16, 0.000574382, [(4, (0, 0.000546741, 6.453e-6, 0.000553423)), (4, (1, 0.000529233, 3.374e-5, 0.000563223)), (4, (2, 0.000449544, 1.962e-5, 0.000469418)), (4, (3, 0.000489303, 4.2051e-5, 0.000531676))]), (1824, 16, 0.000592392, [(4, (0, 0.000507115, 1.2995e-5, 0.000520352)), (4, (1, 0.000508251, 4.6396e-5, 0.000554914)), (4, (2, 0.000504707, 3.507e-5, 0.000540185)), (4, (3, 0.000481492, 5.14e-5, 0.00053315))]), (1840, 15, 0.000687661, [(4, (0, 0.000489224, 1.7253e-5, 0.000506769)), (4, (1, 0.000604857, 5.8058e-5, 0.000663122)), (4, (2, 0.000474966, 3.2447e-5, 0.000507648)), (3, (3, 0.000400662, 4.5615e-5, 0.000446479))]), (1856, 16, 0.000676271, [(4, (0, 0.000418056, 1.4296e-5, 0.000432602)), (4, (1, 0.000497718, 4.2627e-5, 0.000540536)), (4, (2, 0.000448865, 2.9116e-5, 0.000478208)), (4, (3, 0.000534953, 9.4629e-5, 0.000629843))]), (1872, 16, 0.000536683, [(4, (0, 0.000442286, 4.2501e-5, 0.000484985)), (4, (1, 0.000446807, 4.9717e-5, 0.000496762)), (4, (2, 0.000516946, 1.5459e-5, 0.000532744)), (4, (3, 0.000455559, 2.9573e-5, 0.000485416))]), (1888, 16, 0.000624804, [(4, (0, 0.000429235, 1.5829e-5, 0.00044541)), (4, (1, 0.000486859, 2.8974e-5, 0.000516033)), (4, (2, 0.000465692, 5.2349e-5, 0.000518353)), (4, (3, 0.000531491, 5.4688e-5, 0.000586365))]), (1904, 16, 0.000634694, [(4, (0, 0.000411846, 1.4301e-5, 0.00042642)), (4, (1, 0.000544003, 6.8605e-5, 0.000612839)), (4, (2, 0.000455164, 5.7686e-5, 0.000513186)), (4, (3, 0.000443509, 7.444e-5, 0.000518153))]), (1920, 16, 0.000750806, [(4, (0, 0.000735869, 1.3713e-5, 0.000749931)), (4, (1, 0.000513699, 4.0359e-5, 0.000554268)), (4, (2, 0.000500822, 2.8732e-5, 0.000529756)), (4, (3, 0.000509147, 5.0908e-5, 0.000560365))]), (1936, 16, 0.000701442, [(4, (0, 0.000532629, 1.2795e-5, 0.000545676)), (4, (1, 0.000586865, 8.9523e-5, 0.000677207)), (4, (2, 0.000589043, 2.6692e-5, 0.000615957)), (4, (3, 0.000549711, 3.8588e-5, 0.000588471))]), (1952, 16, 0.000669874, [(4, (0, 0.000656253, 1.2549e-5, 0.000669038)), (4, (1, 0.000573703, 2.4996e-5, 0.000598895)), (4, (2, 0.00048318, 4.0079e-5, 0.000523567)), (4, (3, 0.0004745, 4.5941e-5, 0.000520681))]), (1968, 15, 0.000773263, [(4, (0, 0.000685095, 3.0423e-5, 0.000715917)), (4, (1, 0.000688978, 6.124e-5, 0.000750468)), (4, (2, 0.000483648, 4.6697e-5, 0.000530628)), (3, (3, 0.00060792, 0.000108676, 0.00071702))]), (1984, 16, 0.000606196, [(4, (0, 0.000420732, 1.6173e-5, 0.000437189)), (4, (1, 0.000515921, 5.9926e-5, 0.000576139)), (4, (2, 0.000479894, 3.3576e-5, 0.000513707)), (4, (3, 0.000432133, 5.459e-5, 0.000486967))]), (2000, 16, 0.000671091, [(4, (0, 0.000522835, 1.5273e-5, 0.000538411)), (4, (1, 0.000592302, 5.0991e-5, 0.000643513)), (4, (2, 0.000531305, 3.2195e-5, 0.000563775)), (4, (3, 0.000523314, 6.2357e-5, 0.000585971))]), (2016, 16, 0.000645821, [(4, (0, 0.000465266, 1.3805e-5, 0.000479354)), (4, (1, 0.000493357, 3.9154e-5, 0.000532712)), (4, (2, 0.000500188, 2.6526e-5, 0.000526946)), (4, (3, 0.000518804, 8.2193e-5, 0.000601302))]), (2032, 16, 0.000620551, [(4, (0, 0.000490577, 5.451e-6, 0.000496229)), (4, (1, 0.000569916, 1.6414e-5, 0.00058655)), (4, (2, 0.000503595, 6.612e-6, 0.000510457)), (4, (3, 0.000460653, 2.0496e-5, 0.000481358))]), (2048, 14, 0.000647354, [(4, (0, 0.000496782, 1.5574e-5, 0.000512624)), (4, (1, 0.000555865, 5.1955e-5, 0.000608125)), (3, (2, 0.000464564, 3.0114e-5, 0.000494937)), (3, (3, 0.000442059, 4.58e-5, 0.0004881))]), (2064, 16, 0.000632788, [(4, (0, 0.000468091, 8.1e-6, 0.000476391)), (4, (1, 0.000563866, 4.9754e-5, 0.000613937)), (4, (2, 0.000583843, 2.9731e-5, 0.000613906)), (4, (3, 0.000491201, 5.6347e-5, 0.000547842))]), (2080, 16, 0.000757264, [(4, (0, 0.00064632, 1.5286e-5, 0.000661853)), (4, (1, 0.000522086, 3.2231e-5, 0.000554565)), (4, (2, 0.00055824, 4.7362e-5, 0.000605958)), (4, (3, 0.0006504, 5.4647e-5, 0.00070529))]), (2096, 16, 0.000643126, [(4, (0, 0.000516952, 1.6076e-5, 0.000533313)), (4, (1, 0.000513499, 3.0042e-5, 0.000543765)), (4, (2, 0.000570337, 4.2733e-5, 0.000613271)), (4, (3, 0.000479623, 4.6657e-5, 0.000526499))]), (2112, 16, 0.000674797, [(4, (0, 0.000514804, 1.5703e-5, 0.000530781)), (4, (1, 0.000498979, 4.6128e-5, 0.000545352)), (4, (2, 0.000614592, 3.2346e-5, 0.000647196)), (4, (3, 0.000517959, 5.3306e-5, 0.000571499))]), (2128, 16, 0.000685288, [(4, (0, 0.000494031, 1.4351e-5, 0.00050861)), (4, (1, 0.000619054, 4.2082e-5, 0.000661397)), (4, (2, 0.000531834, 2.7119e-5, 0.000559158)), (4, (3, 0.000448612, 4.9502e-5, 0.000498343))]), (2144, 16, 0.000734469, [(4, (0, 0.000465299, 6.085e-6, 0.00047159)), (4, (1, 0.000563606, 4.7532e-5, 0.000611405)), (4, (2, 0.000511207, 3.1943e-5, 0.000543404)), (4, (3, 0.000624992, 5.3725e-5, 0.000679085))]), (2160, 16, 0.000608188, [(4, (0, 0.000518142, 7.061e-6, 0.00052541)), (4, (1, 0.000518216, 2.0222e-5, 0.000538843)), (4, (2, 0.000522084, 9.499e-6, 0.000531985)), (4, (3, 0.000554021, 1.0558e-5, 0.000564784))]), (2176, 14, 0.000551308, [(4, (0, 0.000390926, 1.4268e-5, 0.000405428)), (4, (1, 0.000473414, 4.9951e-5, 0.000523654)), (3, (2, 0.000359594, 2.9992e-5, 0.000389893)), (3, (3, 0.000365744, 5.032e-5, 0.000416306))]), (2192, 16, 0.002823743, [(4, (0, 0.000366568, 4.4441e-5, 0.000411253)), (4, (1, 0.00039097, 5.2499e-5, 0.000443759)), (4, (2, 0.000361318, 1.5072e-5, 0.000376621)), (4, (3, 0.002690847, 3.0677e-5, 0.002721884))]), (2208, 16, 0.000711072, [(4, (0, 0.00048766, 7.649e-6, 0.000495574)), (4, (1, 0.000662692, 3.2311e-5, 0.000695269)), (4, (2, 0.000651849, 9.992e-6, 0.000662411)), (4, (3, 0.000642518, 2.8869e-5, 0.000671815))]), (2224, 16, 0.000792109, [(4, (0, 0.000443921, 1.6456e-5, 0.00046076)), (4, (1, 0.000438191, 7.1342e-5, 0.000509829)), (4, (2, 0.000539672, 8.3879e-5, 0.000623792)), (4, (3, 0.000612996, 9.1459e-5, 0.000704722))]), (2240, 16, 0.000554316, [(4, (0, 0.000469043, 1.5346e-5, 0.000484714)), (4, (1, 0.000498292, 2.8039e-5, 0.00052663)), (4, (2, 0.000498756, 4.1438e-5, 0.000540451)), (4, (3, 0.000443393, 5.167e-5, 0.000495275))]), (2256, 16, 0.000586939, [(4, (0, 0.000460092, 1.6019e-5, 0.000476401)), (4, (1, 0.000515483, 4.4722e-5, 0.000560442)), (4, (2, 0.000491236, 3.1787e-5, 0.000523261)), (4, (3, 0.000450355, 5.1182e-5, 0.000501741))]), (2272, 16, 0.000676229, [(4, (0, 0.000490269, 1.3007e-5, 0.000503527)), (4, (1, 0.000567402, 4.3103e-5, 0.000610802)), (4, (2, 0.000563856, 3.0074e-5, 0.000594199)), (4, (3, 0.000569661, 5.1955e-5, 0.000621947))]), (2288, 16, 0.000664241, [(4, (0, 0.000428571, 1.5125e-5, 0.000443959)), (4, (1, 0.000481546, 5.0854e-5, 0.000532655)), (4, (2, 0.000489457, 3.0117e-5, 0.000519959)), (4, (3, 0.000568292, 5.5196e-5, 0.000623726))]), (2304, 16, 0.000526955, [(4, (0, 0.000433203, 1.535e-5, 0.000448869)), (4, (1, 0.000425543, 8.2473e-5, 0.000508281)), (4, (2, 0.000370409, 2.8534e-5, 0.000399192)), (4, (3, 0.000398701, 8.8164e-5, 0.000487055))]), (2320, 16, 0.000558005, [(4, (0, 0.000428228, 1.4063e-5, 0.000442569)), (4, (1, 0.00046575, 4.2049e-5, 0.000508038)), (4, (2, 0.000446017, 2.7972e-5, 0.000474257)), (4, (3, 0.000492239, 5.0395e-5, 0.000542864))]), (2336, 16, 0.000558306, [(4, (0, 0.000479543, 1.2457e-5, 0.00049225)), (4, (1, 0.000433754, 4.0192e-5, 0.000474164)), (4, (2, 0.000510664, 2.5216e-5, 0.000536109)), (4, (3, 0.000431864, 4.646e-5, 0.000478538))]), (2352, 10, 0.000394983, [(3, (0, 0.000332674, 1.1112e-5, 0.000344006)), (3, (1, 0.000345597, 2.426e-5, 0.000370074)), (2, (2, 0.000256265, 3.6321e-5, 0.000292806)), (2, (3, 0.00029305, 4.2381e-5, 0.000335653))]), (2368, 16, 0.000840918, [(4, (0, 0.000585748, 1.1617e-5, 0.000597569)), (4, (1, 0.000661068, 2.6726e-5, 0.000687995)), (4, (2, 0.00072067, 4.0316e-5, 0.000761297)), (4, (3, 0.000556351, 4.7571e-5, 0.000604155))]), (2384, 16, 0.000807767, [(4, (0, 0.000626579, 1.5394e-5, 0.00064225)), (4, (1, 0.000656903, 3.4123e-5, 0.000691299)), (4, (2, 0.000674001, 4.7539e-5, 0.000721831)), (4, (3, 0.000707365, 5.3392e-5, 0.000761019))]), (2400, 16, 0.000618517, [(4, (0, 0.000435094, 1.4191e-5, 0.000449528)), (4, (1, 0.000502859, 2.9083e-5, 0.000532136)), (4, (2, 0.00055094, 4.1912e-5, 0.000593042)), (4, (3, 0.000459429, 4.853e-5, 0.000508157))]), (2416, 16, 0.00058219, [(4, (0, 0.000420036, 5.619e-6, 0.000425867)), (4, (1, 0.000442305, 5.9508e-5, 0.000502034)), (4, (2, 0.000457005, 4.631e-5, 0.000503533)), (4, (3, 0.000482236, 6.2361e-5, 0.000544805))]), (2432, 13, 0.000490542, [(4, (0, 0.000484156, 5.427e-6, 0.000489786)), (3, (1, 0.000412398, 7.945e-6, 0.000420705)), (3, (2, 0.000411052, 6.785e-6, 0.00041809)), (3, (3, 0.000412113, 1.1261e-5, 0.000423563))]), (2448, 8, 0.000429224, [(2, (0, 0.000300201, 1.2777e-5, 0.000313246)), (2, (1, 0.000316086, 8.4261e-5, 0.000400549)), (2, (2, 0.000323196, 2.7586e-5, 0.000350981)), (2, (3, 0.000322021, 8.8275e-5, 0.000410497))]), (2464, 14, 0.000575566, [(4, (0, 0.000561693, 1.2553e-5, 0.000574464)), (4, (1, 0.000530531, 2.5476e-5, 0.00055622)), (3, (2, 0.000441399, 3.9986e-5, 0.0004816)), (3, (3, 0.000368064, 4.4533e-5, 0.00041279))]), (2480, 16, 0.000647853, [(4, (0, 0.000431484, 1.9489e-5, 0.000451173)), (4, (1, 0.000398932, 4.9584e-5, 0.000448718)), (4, (2, 0.00053459, 3.4098e-5, 0.000568915)), (4, (3, 0.000392153, 9.5427e-5, 0.00048787))]), (2496, 16, 0.00058699, [(4, (0, 0.000523884, 1.6088e-5, 0.000540246)), (4, (1, 0.000536203, 4.6112e-5, 0.000582547)), (4, (2, 0.00052453, 3.3002e-5, 0.000557781)), (4, (3, 0.000509311, 5.3745e-5, 0.000563271))]), (2512, 16, 0.000658098, [(4, (0, 0.000466525, 1.6004e-5, 0.000482808)), (4, (1, 0.00054533, 5.2524e-5, 0.000598081)), (4, (2, 0.000592471, 4.119e-5, 0.000633946)), (4, (3, 0.000546771, 5.8987e-5, 0.000605994))]), (2528, 16, 0.0007177, [(4, (0, 0.00052607, 1.1283e-5, 0.000537594)), (4, (1, 0.000641519, 4.337e-5, 0.000685176)), (4, (2, 0.000551332, 2.5565e-5, 0.000577084)), (4, (3, 0.000629869, 4.7164e-5, 0.00067726))]), (2544, 16, 0.000694724, [(4, (0, 0.000508171, 1.3433e-5, 0.000521896)), (4, (1, 0.000638975, 2.6261e-5, 0.000665516)), (4, (2, 0.000572209, 3.8285e-5, 0.000610708)), (4, (3, 0.000531353, 4.2949e-5, 0.000574511))]), (2560, 16, 0.000682034, [(4, (0, 0.000527585, 1.378e-5, 0.000541614)), (4, (1, 0.000518128, 3.8001e-5, 0.00055638)), (4, (2, 0.000537435, 2.4913e-5, 0.000562553)), (4, (3, 0.000593322, 4.4327e-5, 0.000637965))]), (2576, 16, 0.000582788, [(4, (0, 0.000523508, 4.621e-6, 0.000528356)), (4, (1, 0.000542802, 2.7743e-5, 0.000570761)), (4, (2, 0.000547492, 5.586e-6, 0.000553289)), (4, (3, 0.00053679, 2.1309e-5, 0.000558351))]), (2592, 16, 0.00057664, [(4, (0, 0.000479063, 1.5148e-5, 0.000494462)), (4, (1, 0.000512623, 4.3153e-5, 0.000556003)), (4, (2, 0.000489537, 2.9448e-5, 0.000519199)), (4, (3, 0.000478048, 5.5312e-5, 0.000533749))]), (2608, 16, 0.000664686, [(4, (0, 0.000551286, 4.198e-6, 0.000555657)), (4, (1, 0.000621479, 1.7053e-5, 0.000638735)), (4, (2, 0.000585578, 7.154e-6, 0.000593113)), (4, (3, 0.000600654, 2.211e-5, 0.000622988))]), (2624, 16, 0.000685475, [(4, (0, 0.000569055, 1.2764e-5, 0.000582237)), (4, (1, 0.000632956, 2.6554e-5, 0.000659787)), (4, (2, 0.000600321, 3.9361e-5, 0.000639866)), (4, (3, 0.000546058, 8.8507e-5, 0.000634855))]), (2640, 16, 0.000741411, [(4, (0, 0.000581554, 1.2393e-5, 0.000594185)), (4, (1, 0.000669725, 4.4894e-5, 0.000714847)), (4, (2, 0.000565904, 2.5588e-5, 0.000591686)), (4, (3, 0.000620137, 3.789e-5, 0.000658314))]), (2656, 16, 0.00072924, [(4, (0, 0.000457615, 1.396e-5, 0.000471833)), (4, (1, 0.000621232, 3.94e-5, 0.000660942)), (4, (2, 0.000494932, 2.9465e-5, 0.000524624)), (4, (3, 0.00049676, 9.1049e-5, 0.000588621))]), (2672, 16, 0.000698473, [(4, (0, 0.000526902, 1.4569e-5, 0.000541741)), (4, (1, 0.000541504, 6.022e-5, 0.000601969)), (4, (2, 0.000529756, 3.641e-5, 0.000566436)), (4, (3, 0.000546404, 6.7982e-5, 0.000657902))]), (2688, 16, 0.000625754, [(4, (0, 0.000532398, 1.4604e-5, 0.000547303)), (4, (1, 0.000547751, 5.8377e-5, 0.000606384)), (4, (2, 0.000537805, 4.2035e-5, 0.000580056)), (4, (3, 0.000533067, 6.2146e-5, 0.000595432))]), (2704, 16, 0.00076153, [(4, (0, 0.000548682, 1.2444e-5, 0.000561386)), (4, (1, 0.000652341, 8.4467e-5, 0.000737025)), (4, (2, 0.0005797, 7.0954e-5, 0.000650955)), (4, (3, 0.000596652, 7.9001e-5, 0.00067588))]), (2720, 16, 0.000573983, [(4, (0, 0.000452488, 1.4058e-5, 0.000466814)), (4, (1, 0.000496896, 5.6394e-5, 0.000553507)), (4, (2, 0.000530373, 4.1917e-5, 0.000572506)), (4, (3, 0.000498529, 6.0947e-5, 0.000559687))]), (2736, 16, 0.000626096, [(4, (0, 0.000510077, 1.3638e-5, 0.000523941)), (4, (1, 0.000535536, 7.9555e-5, 0.000615279)), (4, (2, 0.000485502, 6.8141e-5, 0.00055385)), (4, (3, 0.000496436, 8.5046e-5, 0.000581698))]), (2752, 16, 0.000740887, [(4, (0, 0.000499448, 3.1561e-5, 0.000531373)), (4, (1, 0.000460939, 6.321e-5, 0.000524421)), (4, (2, 0.000513994, 4.5778e-5, 0.000559992)), (4, (3, 0.000591906, 8.5181e-5, 0.000678424))]), (2768, 16, 0.000788264, [(4, (0, 0.000780478, 6.785e-6, 0.000787469)), (4, (1, 0.000694916, 2.9335e-5, 0.000724605)), (4, (2, 0.000540968, 8.487e-6, 0.000549728)), (4, (3, 0.000631624, 3.5919e-5, 0.000667784))]), (2784, 16, 0.000648121, [(4, (0, 0.000584017, 1.5257e-5, 0.0005995)), (4, (1, 0.000553527, 8.1271e-5, 0.000635102)), (4, (2, 0.000531321, 3.2954e-5, 0.000564535)), (4, (3, 0.000521028, 8.821e-5, 0.000609486))]), (2800, 16, 0.00094855, [(4, (0, 0.00052818, 1.4379e-5, 0.000542803)), (4, (1, 0.000684132, 5.0541e-5, 0.000734887)), (4, (2, 0.000889146, 3.1139e-5, 0.000920606)), (4, (3, 0.000773873, 4.471e-5, 0.000818813))]), (2816, 16, 0.000814149, [(4, (0, 0.000458058, 1.6158e-5, 0.000474549)), (4, (1, 0.000506546, 8.9109e-5, 0.000595894)), (4, (2, 0.0004595, 3.3057e-5, 0.00049278)), (4, (3, 0.000667452, 9.3751e-5, 0.000761425))]), (2832, 16, 0.000658228, [(4, (0, 0.000583011, 1.6309e-5, 0.000599631)), (4, (1, 0.000564452, 6.2831e-5, 0.000627532)), (4, (2, 0.000510232, 4.8257e-5, 0.0005588)), (4, (3, 0.000506658, 7.7873e-5, 0.000584908))]), (2848, 16, 0.00062588, [(4, (0, 0.000502022, 1.3544e-5, 0.000515859)), (4, (1, 0.000525892, 3.9104e-5, 0.000565237)), (4, (2, 0.000482333, 2.8486e-5, 0.000511096)), (4, (3, 0.000542992, 4.7869e-5, 0.000591095))]), (2864, 16, 0.000688349, [(4, (0, 0.000504043, 1.1907e-5, 0.000516195)), (4, (1, 0.000562198, 9.9001e-5, 0.000661557)), (4, (2, 0.00053638, 6.1776e-5, 0.000598376)), (4, (3, 0.000530791, 7.6416e-5, 0.000607398))]), (2880, 16, 0.00058156, [(4, (0, 0.000460502, 1.2305e-5, 0.000473066)), (4, (1, 0.000533089, 2.6406e-5, 0.000559732)), (4, (2, 0.000526576, 4.0624e-5, 0.000567428)), (4, (3, 0.000504735, 4.4824e-5, 0.000549786))]), (2896, 16, 0.000600924, [(4, (0, 0.00044409, 1.3724e-5, 0.000458043)), (4, (1, 0.000537553, 4.1651e-5, 0.0005794)), (4, (2, 0.000474192, 3.0017e-5, 0.000504422)), (4, (3, 0.000456947, 5.6097e-5, 0.000513325))]), (2912, 16, 0.000671035, [(4, (0, 0.0006564, 1.2802e-5, 0.000669485)), (4, (1, 0.000539931, 2.5322e-5, 0.000565451)), (4, (2, 0.000601899, 4.4801e-5, 0.000646955)), (4, (3, 0.000586742, 5.2061e-5, 0.000639175))]), (2928, 16, 0.000630089, [(4, (0, 0.000558417, 1.8281e-5, 0.00057697)), (4, (1, 0.000535312, 6.4425e-5, 0.000600058)), (4, (2, 0.000561245, 3.1472e-5, 0.000592907)), (4, (3, 0.000540135, 4.9448e-5, 0.000589837))]), (2944, 16, 0.000704862, [(4, (0, 0.000565794, 1.3935e-5, 0.000579994)), (4, (1, 0.000518509, 2.6012e-5, 0.00054474)), (4, (2, 0.000586736, 3.8893e-5, 0.000625887)), (4, (3, 0.000571885, 8.8531e-5, 0.000660626))]), (2960, 15, 0.000614521, [(4, (0, 0.000504987, 4.981e-6, 0.000510148)), (4, (1, 0.000522196, 2.3855e-5, 0.000546235)), (4, (2, 0.000573133, 1.8272e-5, 0.000591606)), (3, (3, 0.000389598, 4.235e-5, 0.000432219))])]
[TIMING] scan_lookup: 0.029s (calls=1)
[TIMING] ungapped_extend: 0.018s (calls=106099)
[TIMING] gapped_extend: 0.123s (calls=15292)
[TIMING] traceback_prune: 2.495s (calls=2)
[TIMING] traceback_sort_prelim: 0.000s
[TIMING] traceback_tree_precheck: 0.001s
[TIMING] traceback_start_offsets: 0.000s
[TIMING] traceback_alignment: 0.000s (dp=0.000s greedy=0.000s)
[TIMING] traceback_hsp_build: 0.003s
[TIMING] purge_common_endpoint_pass1: 0.004s
[TIMING] reevaluate_ambiguities: 0.000s
[TIMING] identity_length_test: 0.000s
[TIMING] purge_common_endpoint_pass2: 0.001s
[TIMING] traceback_score_resort: 0.001s
[TIMING] traceback_final_tree_contains: 0.000s
[TIMING] traceback_final_tree_add: 0.001s
[TIMING] traceback_postprocess: 0.000s
[TIMING] traceback_counts: prelim=2975 tree_skipped=224 full_traceback=2751 deleted_evalue_cutoff=0 deleted_reevaluation=4 deleted_identity_length=0 endpoint_pass1_removed=16 endpoint_pass2_removed=2 final_tree_removed=0
[TIMING] traceback_lengths: edit_script_samples=2751 edit_script_max=161 edit_script_median=1.0 alignment_samples=2751 alignment_max=4723 alignment_median=33.0
[TIMING] format_output: 0.012s (calls=1)
[TIMING] search_total: 2.717s
[TIMING] total: 2.801s
[losat-wasi-threads] worker done tid=1
[losat-wasi-threads] worker done tid=4
[losat-wasi-threads] worker done tid=3
[losat-wasi-threads] worker done tid=2
[losat-wasi-event] {"event":"exited","at_ms":3074.108261,"tid":1,"code":0}
[losat-wasi-event] {"event":"exited","at_ms":3075.314429,"tid":4,"code":0}
[losat-wasi-event] {"event":"exited","at_ms":3075.671795,"tid":3,"code":0}
[losat-wasi-event] {"event":"exited","at_ms":3075.910658,"tid":2,"code":0}
