[losat-wasi-threads] shared-memory guards: 126 fills, 1233 copies
[losat-wasi-event] {"event":"spawn_attempt","at_ms":108.438501,"tid":1,"attempt":1}
[losat-wasi-event] {"event":"spawned","at_ms":112.338471,"tid":1}
[losat-wasi-threads] worker boot tid=1
[losat-wasi-threads] worker instantiate tid=1 start_arg=2506184
[losat-wasi-threads] worker start tid=1
[losat-wasi-event] {"event":"ready","at_ms":150.772195,"tid":1}
[losat-wasi-event] {"event":"spawn_attempt","at_ms":150.960833,"tid":2,"attempt":2}
[losat-wasi-event] {"event":"spawned","at_ms":151.477766,"tid":2}
[losat-wasi-threads] worker boot tid=2
[losat-wasi-threads] worker instantiate tid=2 start_arg=3555560
[losat-wasi-threads] worker start tid=2
[losat-wasi-event] {"event":"ready","at_ms":190.38594,"tid":2}
[losat-thread-pool] program=blastn requested_threads=2 pool_threads=2 caller_participates=false measured_activity=null
[losat-thread-stage] program=blastn stage=subjects work_items=1 parallel_selected=false measured_activity=null
[losat-thread-stage] program=blastn stage=subject_chunks work_items=1 parallel_selected=false measured_activity=null
[losat-thread-stage] program=blastn stage=dp_traceback_max_batch work_items=16 parallel_selected=true measured_activity=null
[DP-DIAGNOSTIC] subject=0 consumed=2751 fallback=0 scratch_count=2 scratch_creation_seconds=0.00000266 scratch_initial=[9600, 9600] scratch_final=[1171581, 953184] batches=[(0, 16, 0.014270283, [(8, (0, 0.013995531, 0.000163165, 0.014159106)), (8, (1, 0.011573076, 0.000229893, 0.011803547))]), (16, 12, 0.00631931, [(6, (0, 0.006296093, 2.1065e-5, 0.006317638)), (6, (1, 0.005019487, 4.153e-5, 0.005061581))]), (32, 14, 0.005654528, [(7, (0, 0.005634389, 1.8258e-5, 0.005653107)), (7, (1, 0.004210133, 2.6513e-5, 0.004236953))]), (48, 12, 0.005308038, [(6, (0, 0.005290464, 1.5877e-5, 0.005306756)), (6, (1, 0.005204335, 2.9444e-5, 0.005234327))]), (64, 8, 0.003198976, [(4, (0, 0.00254641, 0.000106781, 0.0026539)), (4, (1, 0.003058845, 0.000115766, 0.00317509))]), (80, 7, 0.002988361, [(4, (0, 0.00296915, 1.7041e-5, 0.002986728)), (3, (1, 0.001033979, 3.0504e-5, 0.001064889))]), (96, 6, 0.001782798, [(3, (0, 0.001762036, 1.9318e-5, 0.001781752)), (3, (1, 0.001054405, 3.5471e-5, 0.001090274))]), (112, 9, 0.00448569, [(5, (0, 0.004468415, 1.5217e-5, 0.004484328)), (4, (1, 0.001362198, 2.7768e-5, 0.001390293))]), (128, 7, 0.001881876, [(4, (0, 0.001862755, 1.8114e-5, 0.001881139)), (3, (1, 0.001361782, 3.5038e-5, 0.001397236))]), (144, 5, 0.001482345, [(3, (0, 0.001469051, 1.1812e-5, 0.001481317)), (2, (1, 0.000973003, 2.0662e-5, 0.000994036))]), (160, 13, 0.003374326, [(7, (0, 0.002559462, 1.7014e-5, 0.002576767)), (6, (1, 0.003309404, 3.9094e-5, 0.003348876))]), (176, 5, 0.001927006, [(3, (0, 0.001502815, 1.3259e-5, 0.001516382)), (2, (1, 0.001846851, 2.5342e-5, 0.001872652))]), (192, 8, 0.001799627, [(4, (0, 0.001316159, 2.9138e-5, 0.001346068)), (4, (1, 0.001729767, 4.2676e-5, 0.001773041))]), (208, 5, 0.000899522, [(3, (0, 0.000884725, 1.3829e-5, 0.000898833)), (2, (1, 0.00073455, 2.4828e-5, 0.000759721))]), (224, 7, 0.001095908, [(4, (0, 0.001082395, 1.1767e-5, 0.001094514)), (3, (1, 0.000799267, 2.4299e-5, 0.000823988))]), (240, 10, 0.003008869, [(5, (0, 0.001182489, 1.6499e-5, 0.001199258)), (5, (1, 0.002961564, 2.7013e-5, 0.002989081))]), (256, 13, 0.003412857, [(7, (0, 0.003398639, 1.3021e-5, 0.003411952)), (6, (1, 0.001675771, 2.3523e-5, 0.0016998))]), (272, 8, 0.001083447, [(4, (0, 0.001071378, 1.117e-5, 0.00108281)), (4, (1, 0.000712083, 2.2231e-5, 0.000734686))]), (288, 8, 0.001500668, [(4, (0, 0.00083659, 1.0802e-5, 0.000847601)), (4, (1, 0.001457682, 2.0595e-5, 0.001478596))]), (304, 12, 0.00171092, [(6, (0, 0.001441005, 1.6289e-5, 0.00145761)), (6, (1, 0.001604915, 3.0265e-5, 0.0016356))]), (320, 14, 0.001835762, [(7, (0, 0.001654199, 3.802e-6, 0.001658432)), (7, (1, 0.001752812, 6.609e-6, 0.001759803))]), (336, 13, 0.001308578, [(7, (0, 0.00129484, 1.2432e-5, 0.001307588)), (6, (1, 0.001243052, 1.9391e-5, 0.001262876))]), (352, 13, 0.001647777, [(7, (0, 0.001414072, 1.2174e-5, 0.001426763)), (6, (1, 0.001597718, 2.5259e-5, 0.001623352))]), (368, 14, 0.001698629, [(7, (0, 0.001680635, 1.6473e-5, 0.001697534)), (7, (1, 0.00154536, 2.8696e-5, 0.00157432))]), (384, 15, 0.002592464, [(8, (0, 0.002060437, 1.4192e-5, 0.002075113)), (7, (1, 0.002541347, 2.5658e-5, 0.002567413))]), (400, 14, 0.001499854, [(7, (0, 0.001481078, 1.7684e-5, 0.001499093)), (7, (1, 0.001073262, 2.908e-5, 0.001102699))]), (416, 15, 0.00121834, [(8, (0, 0.001212789, 4.451e-6, 0.001217502)), (7, (1, 0.000812021, 5.3502e-5, 0.000865844))]), (432, 15, 0.00127578, [(8, (0, 0.001138053, 1.2209e-5, 0.00115048)), (7, (1, 0.001226586, 2.1696e-5, 0.001250505))]), (448, 16, 0.001717855, [(8, (0, 0.001359297, 1.776e-5, 0.001377391)), (8, (1, 0.001659712, 2.0974e-5, 0.001680932))]), (464, 16, 0.001528579, [(8, (0, 0.001326072, 1.2865e-5, 0.001339334)), (8, (1, 0.001466064, 1.7251e-5, 0.001483742))]), (480, 16, 0.00111152, [(8, (0, 0.001105855, 4.586e-6, 0.001110703)), (8, (1, 0.001053889, 2.3239e-5, 0.001077524))]), (496, 15, 0.001586805, [(8, (0, 0.001176913, 1.3607e-5, 0.001190773)), (7, (1, 0.001503975, 2.4723e-5, 0.00152913))]), (512, 14, 0.00134932, [(7, (0, 0.001086279, 1.625e-5, 0.001102988)), (7, (1, 0.001288761, 2.4816e-5, 0.001313936))]), (528, 15, 0.001355077, [(8, (0, 0.001339048, 1.4807e-5, 0.001354193)), (7, (1, 0.001078287, 1.9855e-5, 0.001098402))]), (544, 16, 0.001230122, [(8, (0, 0.001217286, 1.1766e-5, 0.001229335)), (8, (1, 0.001011266, 2.0011e-5, 0.001031597))]), (560, 15, 0.001808571, [(8, (0, 0.001794573, 1.2315e-5, 0.001807321)), (7, (1, 0.000952585, 1.849e-5, 0.000971326))]), (576, 15, 0.001275866, [(8, (0, 0.001255165, 1.881e-5, 0.001274479)), (7, (1, 0.001046354, 2.9812e-5, 0.001076583))]), (592, 16, 0.001221583, [(8, (0, 0.001202754, 1.7605e-5, 0.001220656)), (8, (1, 0.001094667, 2.2126e-5, 0.001117112))]), (608, 16, 0.001789296, [(8, (0, 0.001529904, 1.8249e-5, 0.001548416)), (8, (1, 0.001733164, 3.0074e-5, 0.001763789))]), (624, 16, 0.001137929, [(8, (0, 0.001120178, 1.6718e-5, 0.001137184)), (8, (1, 0.001014439, 2.2088e-5, 0.001036841))]), (640, 13, 0.00161101, [(7, (0, 0.001598253, 1.1689e-5, 0.001610209)), (6, (1, 0.00086555, 2.3105e-5, 0.00088905))]), (656, 11, 0.000905955, [(6, (0, 0.000892504, 1.2262e-5, 0.000904992)), (5, (1, 0.000644645, 6.8436e-5, 0.000713484))]), (672, 15, 0.001091043, [(8, (0, 0.001076269, 1.3567e-5, 0.001090055)), (7, (1, 0.000970812, 4.9777e-5, 0.001020895))]), (688, 16, 0.00132657, [(8, (0, 0.001319403, 4.988e-6, 0.001324782)), (8, (1, 0.001038238, 9.775e-6, 0.001048394))]), (704, 16, 0.001341776, [(8, (0, 0.001302116, 1.8782e-5, 0.001321283)), (8, (1, 0.001293013, 3.9356e-5, 0.001332708))]), (720, 16, 0.001172526, [(8, (0, 0.001156925, 1.4513e-5, 0.001171717)), (8, (1, 0.001078391, 2.6495e-5, 0.001105292))]), (736, 11, 0.000713013, [(6, (0, 0.000700146, 1.1709e-5, 0.000712112)), (5, (1, 0.000609889, 2.1738e-5, 0.000632036))]), (752, 15, 0.001155039, [(8, (0, 0.001142833, 1.1124e-5, 0.001154191)), (7, (1, 0.00089503, 1.8149e-5, 0.000913433))]), (768, 16, 0.001166, [(8, (0, 0.001154036, 1.0451e-5, 0.001164744)), (8, (1, 0.001065118, 2.2438e-5, 0.001087878))]), (784, 16, 0.001137034, [(8, (0, 0.001122266, 1.3789e-5, 0.001136266)), (8, (1, 0.001099861, 1.9066e-5, 0.001119214))]), (800, 16, 0.001130244, [(8, (0, 0.001116602, 1.1875e-5, 0.001128767)), (8, (1, 0.001021295, 1.9177e-5, 0.001040671))]), (816, 16, 0.001103795, [(8, (0, 0.001083075, 1.9016e-5, 0.001102493)), (8, (1, 0.000978905, 2.6153e-5, 0.001005286))]), (832, 16, 0.001018601, [(8, (0, 0.000997985, 1.9555e-5, 0.001017826)), (8, (1, 0.000931896, 3.704e-5, 0.000969345))]), (848, 16, 0.001557857, [(8, (0, 0.001544297, 1.2642e-5, 0.001557154)), (8, (1, 0.001034835, 1.9285e-5, 0.001054359))]), (864, 15, 0.001046885, [(8, (0, 0.001034188, 1.1861e-5, 0.001046257)), (7, (1, 0.000896626, 2.3829e-5, 0.000920808))]), (880, 16, 0.001001723, [(8, (0, 0.000988336, 1.1922e-5, 0.001000621)), (8, (1, 0.000823508, 2.2873e-5, 0.000846707))]), (896, 14, 0.000876402, [(7, (0, 0.000783821, 1.7684e-5, 0.000801813)), (7, (1, 0.000827034, 3.1466e-5, 0.000858866))]), (912, 16, 0.00124196, [(8, (0, 0.001002358, 1.3294e-5, 0.001015908)), (8, (1, 0.001164549, 1.7675e-5, 0.001182645))]), (928, 16, 0.00118981, [(8, (0, 0.00116776, 1.4668e-5, 0.001182694)), (8, (1, 0.001166675, 2.1688e-5, 0.001188739))]), (944, 16, 0.00110356, [(8, (0, 0.001090006, 1.2672e-5, 0.0011029)), (8, (1, 0.001003071, 2.394e-5, 0.001030704))]), (960, 16, 0.001141112, [(8, (0, 0.001128561, 1.1043e-5, 0.001139898)), (8, (1, 0.000992747, 1.5453e-5, 0.001008538))]), (976, 16, 0.001250237, [(8, (0, 0.001226509, 2.2288e-5, 0.001249197)), (8, (1, 0.001105266, 6.0516e-5, 0.001166194))]), (992, 16, 0.001399161, [(8, (0, 0.001131684, 1.5611e-5, 0.00114766)), (8, (1, 0.001349344, 2.1918e-5, 0.001371706))]), (1008, 16, 0.000982366, [(8, (0, 0.000966883, 1.4502e-5, 0.000981662)), (8, (1, 0.000904157, 2.0347e-5, 0.000924742))]), (1024, 16, 0.00095472, [(8, (0, 0.000883619, 1.2065e-5, 0.000896071)), (8, (1, 0.000905225, 2.3172e-5, 0.000928813))]), (1040, 16, 0.00108289, [(8, (0, 0.001059492, 1.5834e-5, 0.001075595)), (8, (1, 0.001042483, 3.9063e-5, 0.001081911))]), (1056, 16, 0.000959008, [(8, (0, 0.000891013, 1.2614e-5, 0.000903873)), (8, (1, 0.000915965, 1.7294e-5, 0.000933517))]), (1072, 16, 0.001164449, [(8, (0, 0.001038312, 1.0858e-5, 0.001049407)), (8, (1, 0.001104962, 1.506e-5, 0.00112023))]), (1088, 16, 0.001057578, [(8, (0, 0.000987229, 1.5109e-5, 0.001002658)), (8, (1, 0.000999879, 2.9475e-5, 0.001029724))]), (1104, 16, 0.000991764, [(8, (0, 0.000917122, 1.9785e-5, 0.000937203)), (8, (1, 0.000942101, 3.0408e-5, 0.000972893))]), (1120, 16, 0.001233823, [(8, (0, 0.001217226, 1.5506e-5, 0.001233015)), (8, (1, 0.001113937, 2.586e-5, 0.001140114))]), (1136, 15, 0.001126067, [(8, (0, 0.001111463, 1.3646e-5, 0.001125333)), (7, (1, 0.00101294, 2.403e-5, 0.001037262))]), (1152, 16, 0.001226397, [(8, (0, 0.001211522, 1.3353e-5, 0.001225335)), (8, (1, 0.001017503, 2.4624e-5, 0.001042456))]), (1168, 16, 0.000958768, [(8, (0, 0.000912967, 1.6566e-5, 0.000929825)), (8, (1, 0.000904281, 2.8557e-5, 0.000933152))]), (1184, 16, 0.001125325, [(8, (0, 0.001024204, 1.377e-5, 0.001038332)), (8, (1, 0.001055517, 2.5141e-5, 0.001080988))]), (1200, 16, 0.001134031, [(8, (0, 0.001078379, 5.794e-6, 0.001084402)), (8, (1, 0.001069899, 3.8422e-5, 0.001108772))]), (1216, 16, 0.000927465, [(8, (0, 0.000789245, 1.2348e-5, 0.00080193)), (8, (1, 0.000883854, 2.045e-5, 0.0009046))]), (1232, 16, 0.001024245, [(8, (0, 0.000854752, 1.3581e-5, 0.000868644)), (8, (1, 0.000989795, 1.7429e-5, 0.00100742))]), (1248, 16, 0.001375079, [(8, (0, 0.001251454, 1.2887e-5, 0.001264741)), (8, (1, 0.001329509, 1.6037e-5, 0.001345984))]), (1264, 16, 0.001083281, [(8, (0, 0.001064856, 1.6622e-5, 0.001081946)), (8, (1, 0.000931953, 3.88e-5, 0.000971043))]), (1280, 16, 0.001144321, [(8, (0, 0.001125667, 1.7612e-5, 0.001143572)), (8, (1, 0.000954882, 2.4016e-5, 0.000979146))]), (1296, 16, 0.001330567, [(8, (0, 0.001015217, 1.1867e-5, 0.001027384)), (8, (1, 0.001271437, 1.6033e-5, 0.001287698))]), (1312, 16, 0.001189253, [(8, (0, 0.000929608, 1.3076e-5, 0.000942994)), (8, (1, 0.001128992, 3.1588e-5, 0.001160774))]), (1328, 16, 0.001036433, [(8, (0, 0.000953098, 1.199e-5, 0.000965459)), (8, (1, 0.00100468, 1.6423e-5, 0.001021302))]), (1344, 16, 0.001131475, [(8, (0, 0.001111176, 1.4079e-5, 0.001125523)), (8, (1, 0.001106373, 2.3639e-5, 0.001130322))]), (1360, 16, 0.002721153, [(8, (0, 0.002705753, 1.4275e-5, 0.002720285)), (8, (1, 0.002575291, 2.548e-5, 0.002601051))]), (1376, 16, 0.001683601, [(8, (0, 0.001669624, 1.2974e-5, 0.001682864)), (8, (1, 0.000995682, 2.8507e-5, 0.001024657))]), (1392, 16, 0.000938905, [(8, (0, 0.000856788, 1.1784e-5, 0.000868796)), (8, (1, 0.000890405, 2.3424e-5, 0.000914304))]), (1408, 16, 0.000962529, [(8, (0, 0.000877223, 1.4662e-5, 0.000892187)), (8, (1, 0.000903624, 2.6951e-5, 0.000931035))]), (1424, 16, 0.001610576, [(8, (0, 0.001235632, 1.5974e-5, 0.001251986)), (8, (1, 0.001560402, 2.1109e-5, 0.001582004))]), (1440, 16, 0.001437685, [(8, (0, 0.001008461, 1.5732e-5, 0.001024511)), (8, (1, 0.001375647, 3.7034e-5, 0.001413081))]), (1456, 11, 0.00073747, [(6, (0, 0.00065552, 1.3586e-5, 0.000669472)), (5, (1, 0.000684157, 1.8439e-5, 0.000702827))]), (1472, 16, 0.001192965, [(8, (0, 0.000996733, 1.6585e-5, 0.001013784)), (8, (1, 0.00112882, 2.4526e-5, 0.001153569))]), (1488, 14, 0.000903945, [(7, (0, 0.00086502, 3.6937e-5, 0.000902758)), (7, (1, 0.000854171, 2.622e-5, 0.000880633))]), (1504, 16, 0.000920141, [(8, (0, 0.000898466, 2.0056e-5, 0.000918927)), (8, (1, 0.00082334, 3.1897e-5, 0.000855642))]), (1520, 16, 0.001061084, [(8, (0, 0.001043426, 1.6068e-5, 0.00105992)), (8, (1, 0.000980183, 2.381e-5, 0.001004207))]), (1536, 16, 0.001172137, [(8, (0, 0.001151116, 1.9404e-5, 0.001170993)), (8, (1, 0.00093833, 2.948e-5, 0.000968186))]), (1552, 16, 0.001047956, [(8, (0, 0.00098622, 6.029e-5, 0.001046897)), (8, (1, 0.000938692, 9.3513e-5, 0.001032583))]), (1568, 16, 0.001177528, [(8, (0, 0.001008025, 1.3468e-5, 0.001021805)), (8, (1, 0.001135075, 2.3961e-5, 0.001159388))]), (1584, 16, 0.001099945, [(8, (0, 0.001086041, 1.2826e-5, 0.001099159)), (8, (1, 0.001061817, 1.7741e-5, 0.001079842))]), (1600, 15, 0.001084086, [(8, (0, 0.00107026, 1.2797e-5, 0.001083295)), (7, (1, 0.000935161, 1.7028e-5, 0.000952374))]), (1616, 15, 0.001104577, [(8, (0, 0.001092482, 1.1215e-5, 0.001103965)), (7, (1, 0.000892834, 1.6175e-5, 0.000909163))]), (1632, 16, 0.000998954, [(8, (0, 0.000987629, 1.0534e-5, 0.000998364)), (8, (1, 0.000932143, 1.5175e-5, 0.000947507))]), (1648, 16, 0.001381304, [(8, (0, 0.001250621, 1.0103e-5, 0.001260946)), (8, (1, 0.001338586, 2.2512e-5, 0.001361647))]), (1664, 16, 0.000981426, [(8, (0, 0.000967682, 1.2854e-5, 0.000980753)), (8, (1, 0.000933714, 2.0473e-5, 0.000954678))]), (1680, 16, 0.001027671, [(8, (0, 0.001015476, 1.136e-5, 0.001027046)), (8, (1, 0.000998611, 2.3345e-5, 0.001022386))]), (1696, 16, 0.000935959, [(8, (0, 0.000922082, 1.301e-5, 0.000935312)), (8, (1, 0.000863498, 1.8154e-5, 0.000881967))]), (1712, 16, 0.001240581, [(8, (0, 0.001226558, 1.2304e-5, 0.00123929)), (8, (1, 0.001128465, 1.8453e-5, 0.001147196))]), (1728, 13, 0.000914283, [(7, (0, 0.000892776, 2.0535e-5, 0.0009136)), (6, (1, 0.000779144, 6.1633e-5, 0.000841681))]), (1744, 15, 0.000983886, [(8, (0, 0.000970777, 1.1486e-5, 0.000982623)), (7, (1, 0.000792648, 2.2739e-5, 0.00081576))]), (1760, 15, 0.001204376, [(8, (0, 0.001186093, 1.6486e-5, 0.001203016)), (7, (1, 0.001015424, 2.5204e-5, 0.001041035))]), (1776, 16, 0.001067636, [(8, (0, 0.000977796, 1.9608e-5, 0.000997716)), (8, (1, 0.001007481, 3.3992e-5, 0.001041911))]), (1792, 16, 0.001621348, [(8, (0, 0.000933274, 1.8134e-5, 0.0009517)), (8, (1, 0.001561425, 3.6115e-5, 0.001597855))]), (1808, 16, 0.000970787, [(8, (0, 0.000950667, 1.662e-5, 0.00096758)), (8, (1, 0.000945831, 2.2223e-5, 0.000968301))]), (1824, 16, 0.00112354, [(8, (0, 0.001035142, 1.8032e-5, 0.001053488)), (8, (1, 0.001047328, 2.9618e-5, 0.001077307))]), (1840, 15, 0.001007107, [(8, (0, 0.000984168, 2.172e-5, 0.001006234)), (7, (1, 0.000953315, 3.186e-5, 0.000985425))]), (1856, 16, 0.001049699, [(8, (0, 0.000858297, 1.7604e-5, 0.000876229)), (8, (1, 0.00100605, 2.4774e-5, 0.001031049))]), (1872, 16, 0.001130112, [(8, (0, 0.000933119, 1.4356e-5, 0.000947689)), (8, (1, 0.001059411, 1.9792e-5, 0.001079524))]), (1888, 16, 0.00100872, [(8, (0, 0.000897255, 1.9427e-5, 0.000917004)), (8, (1, 0.00094727, 3.5619e-5, 0.00098328))]), (1904, 16, 0.001019442, [(8, (0, 0.000846632, 1.5735e-5, 0.000862652)), (8, (1, 0.000964465, 2.2731e-5, 0.000987476))]), (1920, 16, 0.001211128, [(8, (0, 0.001195536, 1.4512e-5, 0.001210357)), (8, (1, 0.000949068, 1.9077e-5, 0.000968357))]), (1936, 16, 0.001372674, [(8, (0, 0.001165475, 1.821e-5, 0.001184039)), (8, (1, 0.001222764, 0.000128019, 0.00135193))]), (1952, 16, 0.001107913, [(8, (0, 0.00108902, 1.7747e-5, 0.0011071)), (8, (1, 0.000962089, 2.8535e-5, 0.00099103))]), (1968, 15, 0.00096956, [(8, (0, 0.000954929, 1.3648e-5, 0.000968865)), (7, (1, 0.000914016, 1.8098e-5, 0.000932398))]), (1984, 16, 0.001006565, [(8, (0, 0.000992576, 1.2203e-5, 0.001005203)), (8, (1, 0.000865275, 3.2866e-5, 0.000902649))]), (2000, 16, 0.001051221, [(8, (0, 0.001012369, 1.9292e-5, 0.00103196)), (8, (1, 0.001013098, 3.1201e-5, 0.001044656))]), (2016, 16, 0.000994832, [(8, (0, 0.000889244, 1.3956e-5, 0.000903431)), (8, (1, 0.000925454, 2.495e-5, 0.000950738))]), (2032, 16, 0.000988258, [(8, (0, 0.000930609, 1.4719e-5, 0.000945677)), (8, (1, 0.000945646, 2.1818e-5, 0.000967685))]), (2048, 14, 0.001050127, [(7, (0, 0.00099467, 5.3793e-5, 0.001048965)), (7, (1, 0.000958982, 6.2451e-5, 0.001021694))]), (2064, 16, 0.000999288, [(8, (0, 0.000899796, 1.8143e-5, 0.000918228)), (8, (1, 0.000947649, 2.7853e-5, 0.000975811))]), (2080, 16, 0.001134033, [(8, (0, 0.001115711, 1.7252e-5, 0.001133236)), (8, (1, 0.001056244, 2.9514e-5, 0.001086116))]), (2096, 16, 0.001044271, [(8, (0, 0.001028861, 1.4418e-5, 0.001043568)), (8, (1, 0.000911659, 1.9654e-5, 0.000931615))]), (2112, 16, 0.001049521, [(8, (0, 0.001034825, 1.3752e-5, 0.001048789)), (8, (1, 0.000922872, 2.5771e-5, 0.000948987))]), (2128, 16, 0.000994201, [(8, (0, 0.000941972, 1.3196e-5, 0.000955399)), (8, (1, 0.000951437, 2.4597e-5, 0.000976347))]), (2144, 16, 0.001002444, [(8, (0, 0.000863082, 1.2452e-5, 0.000875738)), (8, (1, 0.000956368, 2.2031e-5, 0.000978754))]), (2160, 16, 0.001111854, [(8, (0, 0.000946021, 1.6078e-5, 0.000962356)), (8, (1, 0.001040613, 2.6595e-5, 0.001067663))]), (2176, 14, 0.00082943, [(7, (0, 0.000750381, 1.4941e-5, 0.000765675)), (7, (1, 0.000781863, 2.5258e-5, 0.000807614))]), (2192, 16, 0.000674468, [(8, (0, 0.000654043, 1.4239e-5, 0.000668534)), (8, (1, 0.000652911, 2.0341e-5, 0.000673527))]), (2208, 16, 0.001265994, [(8, (0, 0.001123229, 1.3382e-5, 0.001136836)), (8, (1, 0.001224344, 2.4315e-5, 0.001249059))]), (2224, 16, 0.001131608, [(8, (0, 0.001068523, 1.4396e-5, 0.001083247)), (8, (1, 0.001082467, 1.9316e-5, 0.001102261))]), (2240, 16, 0.00098824, [(8, (0, 0.000967987, 1.9139e-5, 0.000987426)), (8, (1, 0.000899488, 3.1944e-5, 0.000932046))]), (2256, 16, 0.000933916, [(8, (0, 0.000917993, 1.487e-5, 0.000933182)), (8, (1, 0.000883129, 3.5236e-5, 0.0009187))]), (2272, 16, 0.001156778, [(8, (0, 0.001073305, 1.1862e-5, 0.001085608)), (8, (1, 0.00109922, 1.7546e-5, 0.001117164))]), (2288, 16, 0.000972062, [(8, (0, 0.000953072, 1.7325e-5, 0.000970863)), (8, (1, 0.000931304, 3.0335e-5, 0.000962033))]), (2304, 16, 0.000795671, [(8, (0, 0.000769244, 1.9756e-5, 0.000789277)), (8, (1, 0.000762673, 3.145e-5, 0.000794492))]), (2320, 16, 0.000913778, [(8, (0, 0.000854497, 1.3702e-5, 0.000868461)), (8, (1, 0.000865509, 2.5128e-5, 0.000891013))]), (2336, 16, 0.000973119, [(8, (0, 0.000956468, 1.5617e-5, 0.000972388)), (8, (1, 0.000771506, 2.1476e-5, 0.000793166))]), (2352, 10, 0.00070745, [(5, (0, 0.000595214, 1.1785e-5, 0.000607255)), (5, (1, 0.000666496, 2.3159e-5, 0.000690052))]), (2368, 16, 0.001223486, [(8, (0, 0.001211396, 1.122e-5, 0.001222842)), (8, (1, 0.001062005, 2.425e-5, 0.001086609))]), (2384, 16, 0.001220169, [(8, (0, 0.001205406, 1.3876e-5, 0.00121951)), (8, (1, 0.001087802, 1.9077e-5, 0.001107165))]), (2400, 16, 0.001013827, [(8, (0, 0.000999519, 1.3194e-5, 0.00101293)), (8, (1, 0.000983136, 2.2706e-5, 0.001006103))]), (2416, 16, 0.000976318, [(8, (0, 0.000874695, 1.9129e-5, 0.000894032)), (8, (1, 0.000916148, 2.4842e-5, 0.000941215))]), (2432, 13, 0.00090833, [(7, (0, 0.000891286, 1.5893e-5, 0.000907479)), (6, (1, 0.000794063, 5.1346e-5, 0.000845999))]), (2448, 8, 0.000666639, [(4, (0, 0.000643036, 1.2681e-5, 0.000655976)), (4, (1, 0.000636949, 2.8547e-5, 0.000665744))]), (2464, 14, 0.001126267, [(7, (0, 0.001111053, 1.3511e-5, 0.001124975)), (7, (1, 0.00096624, 1.8866e-5, 0.000986526))]), (2480, 16, 0.000915302, [(8, (0, 0.000892381, 2.1776e-5, 0.000914442)), (8, (1, 0.000754884, 3.8841e-5, 0.000794033))]), (2496, 16, 0.001047981, [(8, (0, 0.001032396, 1.4665e-5, 0.001047271)), (8, (1, 0.001003652, 2.788e-5, 0.001031854))]), (2512, 16, 0.001072351, [(8, (0, 0.001054759, 1.2913e-5, 0.001068008)), (8, (1, 0.00104751, 2.2293e-5, 0.001070074))]), (2528, 16, 0.001395748, [(8, (0, 0.001257957, 1.6475e-5, 0.001274819)), (8, (1, 0.001310122, 5.3585e-5, 0.001364874))]), (2544, 16, 0.001218434, [(8, (0, 0.001080469, 1.4529e-5, 0.00109527)), (8, (1, 0.001133175, 3.1932e-5, 0.001165502))]), (2560, 16, 0.001057445, [(8, (0, 0.001043587, 1.2815e-5, 0.001056798)), (8, (1, 0.000987058, 2.3619e-5, 0.001010974))]), (2576, 16, 0.001296503, [(8, (0, 0.001283931, 1.0707e-5, 0.001295099)), (8, (1, 0.001030274, 1.6022e-5, 0.001046534))]), (2592, 16, 0.001051447, [(8, (0, 0.001013761, 1.8282e-5, 0.001032334)), (8, (1, 0.000980294, 6.3338e-5, 0.001044716))]), (2608, 16, 0.00123633, [(8, (0, 0.001136942, 1.1628e-5, 0.001149045)), (8, (1, 0.001185994, 1.6817e-5, 0.001203085))]), (2624, 16, 0.001160931, [(8, (0, 0.001146626, 1.3274e-5, 0.001160196)), (8, (1, 0.001124828, 1.8321e-5, 0.001143543))]), (2640, 16, 0.001222063, [(8, (0, 0.001112537, 1.2374e-5, 0.001125203)), (8, (1, 0.001176462, 2.0075e-5, 0.001196798))]), (2656, 16, 0.001015165, [(8, (0, 0.000920229, 1.6684e-5, 0.00093721)), (8, (1, 0.000961795, 2.908e-5, 0.000991191))]), (2672, 16, 0.001024654, [(8, (0, 0.000960199, 1.6159e-5, 0.000976641)), (8, (1, 0.000983466, 2.2776e-5, 0.001006536))]), (2688, 16, 0.00136925, [(8, (0, 0.001038027, 1.3568e-5, 0.001051887)), (8, (1, 0.001260283, 2.7863e-5, 0.001288794))]), (2704, 16, 0.001213688, [(8, (0, 0.001093089, 1.2986e-5, 0.001106382)), (8, (1, 0.001171443, 2.5216e-5, 0.001197045))]), (2720, 16, 0.000954655, [(8, (0, 0.000935997, 1.7673e-5, 0.000953951)), (8, (1, 0.000919664, 2.0582e-5, 0.000940475))]), (2736, 16, 0.001202912, [(8, (0, 0.00102987, 1.4921e-5, 0.00104509)), (8, (1, 0.001147284, 2.7388e-5, 0.001175226))]), (2752, 16, 0.001006236, [(8, (0, 0.000882894, 1.7205e-5, 0.00090037)), (8, (1, 0.000954597, 2.4561e-5, 0.000979604))]), (2768, 16, 0.001318181, [(8, (0, 0.001299821, 1.7218e-5, 0.001317351)), (8, (1, 0.001259602, 2.4257e-5, 0.001284153))]), (2784, 16, 0.001197945, [(8, (0, 0.001182625, 1.3573e-5, 0.001196664)), (8, (1, 0.000989791, 1.8781e-5, 0.001008844))]), (2800, 16, 0.001441766, [(8, (0, 0.001417909, 2.239e-5, 0.001440687)), (8, (1, 0.001350584, 4.0206e-5, 0.001391145))]), (2816, 16, 0.001154531, [(8, (0, 0.000918569, 2.0609e-5, 0.000939425)), (8, (1, 0.001086082, 2.7708e-5, 0.001114095))]), (2832, 16, 0.001047232, [(8, (0, 0.001030493, 1.568e-5, 0.001046438)), (8, (1, 0.000911528, 3.1803e-5, 0.000943568))]), (2848, 16, 0.001150432, [(8, (0, 0.000962541, 1.3668e-5, 0.000976708)), (8, (1, 0.0010864, 3.6564e-5, 0.001123336))]), (2864, 16, 0.001056823, [(8, (0, 0.001009484, 1.5232e-5, 0.001024998)), (8, (1, 0.001013477, 2.7151e-5, 0.001040923))]), (2880, 16, 0.00100483, [(8, (0, 0.00099059, 1.3336e-5, 0.001004174)), (8, (1, 0.000958889, 2.65e-5, 0.000985778))]), (2896, 16, 0.001069922, [(8, (0, 0.000857276, 1.4843e-5, 0.000872324)), (8, (1, 0.001024509, 1.989e-5, 0.001044784))]), (2912, 16, 0.001003475, [(8, (0, 0.000986062, 1.6395e-5, 0.001002755)), (8, (1, 0.000912257, 2.1852e-5, 0.000934369))]), (2928, 16, 0.001062033, [(8, (0, 0.001049922, 1.119e-5, 0.001061382)), (8, (1, 0.00092975, 2.3101e-5, 0.000953205))]), (2944, 16, 0.001057358, [(8, (0, 0.001043235, 1.3308e-5, 0.001056777)), (8, (1, 0.00098897, 3.4688e-5, 0.001024043))]), (2960, 15, 0.001056429, [(8, (0, 0.001051688, 3.668e-6, 0.001055541)), (7, (1, 0.000955292, 9.373e-6, 0.000965196))])]
[TIMING] scan_lookup: 0.032s (calls=1)
[TIMING] ungapped_extend: 0.016s (calls=106099)
[TIMING] gapped_extend: 0.125s (calls=15292)
[TIMING] traceback_prune: 1.370s (calls=2)
[TIMING] traceback_sort_prelim: 0.000s
[TIMING] traceback_tree_precheck: 0.001s
[TIMING] traceback_start_offsets: 0.000s
[TIMING] traceback_alignment: 0.000s (dp=0.000s greedy=0.000s)
[TIMING] traceback_hsp_build: 0.003s
[TIMING] purge_common_endpoint_pass1: 0.004s
[TIMING] reevaluate_ambiguities: 0.000s
[TIMING] identity_length_test: 0.000s
[TIMING] purge_common_endpoint_pass2: 0.001s
[TIMING] traceback_score_resort: 0.001s
[TIMING] traceback_final_tree_contains: 0.000s
[TIMING] traceback_final_tree_add: 0.001s
[TIMING] traceback_postprocess: 0.000s
[TIMING] traceback_counts: prelim=2975 tree_skipped=224 full_traceback=2751 deleted_evalue_cutoff=0 deleted_reevaluation=4 deleted_identity_length=0 endpoint_pass1_removed=16 endpoint_pass2_removed=2 final_tree_removed=0
[TIMING] traceback_lengths: edit_script_samples=2751 edit_script_max=161 edit_script_median=1.0 alignment_samples=2751 alignment_max=4723 alignment_median=33.0
[TIMING] format_output: 0.011s (calls=1)
[TIMING] search_total: 1.577s
[TIMING] total: 1.660s
[losat-wasi-threads] worker done tid=2
[losat-wasi-threads] worker done tid=1
[losat-wasi-event] {"event":"exited","at_ms":1856.117678,"tid":1,"code":0}
[losat-wasi-event] {"event":"exited","at_ms":1856.739381,"tid":2,"code":0}
