BDT63074.1	BDT63565.1	27.273	99	55	2	637	735	316	397	0.18	28.1
BDT63074.1	BDT63577.1	27.000	100	64	3	529	627	114	205	0.31	27.3
BDT63074.1	BDT63499.1	26.667	105	62	5	124	215	227	329	1.0	25.4
BDT63074.1	BDT63563.1	64.286	14	5	0	678	691	1748	1761	2.2	24.6
BDT63074.1	BDT63533.1	28.571	35	25	0	254	288	158	192	2.6	24.3
BDT63074.1	BDT63551.1	39.474	38	23	0	636	673	115	152	3.6	23.9
BDT63074.1	BDT63542.1	35.135	37	22	1	607	641	656	692	4.5	23.5
BDT63074.1	BDT63555.1	30.189	53	27	2	4	46	754	806	7.6	22.7
BDT63074.1	BDT63569.1	46.667	15	8	0	802	816	678	692	8.0	22.7
BDT63075.1	BDT63562.1	30.911	1087	615	24	125	1140	76	1097	1.41e-164	510
BDT63075.1	BDT63503.1	25.862	58	39	1	310	363	568	625	0.96	26.2
BDT63075.1	BDT63580.1	32.353	34	23	0	1104	1137	5136	5169	1.2	25.8
BDT63075.1	BDT63548.1	53.333	15	7	0	344	358	37	51	1.5	23.9
BDT63075.1	BDT63512.1	69.231	13	4	0	319	331	98	110	5.7	23.5
BDT63075.1	BDT63506.1	25.000	56	34	2	196	250	851	899	5.9	23.5
BDT63075.1	BDT63556.1	34.483	29	18	1	968	995	926	954	7.7	23.1
BDT63075.1	BDT63504.1	25.000	56	34	2	196	250	845	893	7.8	23.1
BDT63075.1	BDT63571.1	37.037	27	17	0	16	42	198	224	8.5	22.7
BDT63075.1	BDT63511.1	50.000	22	9	1	609	628	138	159	9.2	22.7
BDT63076.1	BDT63501.1	34.615	26	17	0	17	42	797	822	1.3	21.6
BDT63076.1	BDT63580.1	21.739	69	54	0	26	94	147	215	4.1	20.0
BDT63076.1	BDT63519.1	36.364	22	14	0	42	63	972	993	4.3	20.0
BDT63076.1	BDT63579.1	36.842	19	12	0	10	28	1641	1659	5.6	19.6
BDT63076.1	BDT63521.1	34.783	23	15	0	5	27	33	55	6.6	19.2
BDT63076.1	BDT63508.1	28.571	21	15	0	14	34	960	980	8.6	18.9
BDT63077.1	BDT63514.1	34.286	35	19	1	121	151	58	92	0.43	24.6
BDT63077.1	BDT63568.1	27.907	43	28	1	74	113	517	559	1.8	22.7
BDT63077.1	BDT63527.1	21.212	33	23	1	176	205	11	43	7.5	20.8
BDT63077.1	BDT63531.1	60.000	10	4	0	255	264	534	543	9.9	20.4
BDT63078.1	BDT63563.1	26.087	69	50	1	3	70	1719	1787	2.5	20.8
BDT63078.1	BDT63518.1	43.750	16	9	0	14	29	113	128	5.0	19.6
BDT63078.1	BDT63552.1	33.333	27	7	1	92	107	101	127	7.0	19.6
BDT63079.1	BDT63556.1	40.920	1239	612	30	810	2019	742	1889	0.0	820
BDT63079.1	BDT63534.1	35.000	40	24	1	731	768	148	187	2.9	24.6
BDT63079.1	BDT63579.1	40.000	35	16	1	1207	1241	411	440	5.6	24.3
BDT63080.1	BDT63555.1	25.823	790	444	27	12	716	12	744	4.33e-62	218
BDT63080.1	BDT63499.1	31.429	35	23	1	167	201	589	622	7.2	22.7
BDT63080.1	BDT63553.1	22.400	125	90	5	509	629	189	310	8.8	22.3
BDT63080.1	BDT63580.1	34.375	32	21	0	496	527	3052	3083	9.9	22.3
BDT63081.1	BDT63554.1	40.317	630	304	13	4	598	3	595	4.51e-154	449
BDT63081.1	BDT63545.1	29.412	34	24	0	97	130	18	51	1.3	23.1
BDT63081.1	BDT63579.1	21.239	113	79	1	191	303	2423	2525	7.4	22.3
BDT63082.1	BDT63553.1	48.663	1309	541	21	109	1397	43	1240	0.0	1239
BDT63082.1	BDT63545.1	35.484	31	18	2	1063	1092	55	84	0.87	24.6
BDT63082.1	BDT63522.1	35.135	37	24	0	1361	1397	849	885	3.8	24.3
BDT63082.1	BDT63581.1	77.778	9	2	0	539	547	158	166	5.2	23.5
BDT63083.1	BDT63552.1	28.503	628	329	20	1	605	1	531	8.49e-68	223
BDT63083.1	BDT63541.1	33.333	45	28	1	410	454	30	72	1.0	24.6
BDT63083.1	BDT63523.1	29.167	48	34	0	558	605	434	481	1.9	24.3
BDT63083.1	BDT63551.1	35.294	34	21	1	288	320	166	199	4.4	22.7
BDT63083.1	BDT63516.1	37.931	29	17	1	206	234	355	382	5.7	22.7
BDT63083.1	BDT63519.1	19.444	72	58	0	443	514	1410	1481	8.1	21.9
BDT63084.1	BDT63551.1	44.640	569	284	10	384	929	252	812	5.75e-165	496
BDT63084.1	BDT63528.1	35.417	48	29	1	750	797	493	538	0.31	27.3
BDT63084.1	BDT63509.1	31.111	45	29	1	40	84	923	965	0.58	26.6
BDT63084.1	BDT63565.1	34.091	44	29	0	325	368	55	98	1.1	25.4
BDT63084.1	BDT63516.1	22.000	50	37	1	858	905	2029	2078	2.7	24.3
BDT63084.1	BDT63574.1	24.675	77	51	2	630	699	393	469	7.3	22.7
BDT63084.1	BDT63537.1	27.500	40	25	1	448	483	33	72	8.8	22.3
BDT63085.1	BDT63516.1	35.294	51	31	1	50	100	157	205	0.005	28.5
BDT63085.1	BDT63510.1	40.000	25	15	0	31	55	100	124	0.31	23.1
BDT63085.1	BDT63542.1	27.778	36	26	0	42	77	300	335	0.34	23.1
BDT63085.1	BDT63553.1	40.909	22	13	0	61	82	1141	1162	0.57	22.3
BDT63085.1	BDT63556.1	30.769	39	27	0	27	65	96	134	3.5	20.0
BDT63085.1	BDT63580.1	32.000	50	19	2	13	47	2619	2668	8.2	19.2
BDT63086.1	BDT63558.1	35.260	173	102	5	74	237	52	223	3.97e-24	90.9
BDT63086.1	BDT63545.1	29.825	57	38	2	191	246	17	72	0.004	29.3
BDT63086.1	BDT63509.1	43.478	23	13	0	123	145	784	806	3.2	21.9
BDT63086.1	BDT63504.1	26.316	57	35	2	193	242	257	313	3.7	21.6
BDT63086.1	BDT63506.1	26.316	57	35	2	193	242	264	320	3.8	21.6
BDT63086.1	BDT63523.1	29.091	55	33	2	91	143	638	688	6.0	21.2
BDT63087.1	BDT63563.1	41.463	41	13	2	89	122	1448	1484	0.18	25.4
BDT63087.1	BDT63515.1	26.562	64	41	2	24	83	115	176	0.92	23.1
BDT63087.1	BDT63557.1	25.253	99	62	4	25	117	6	98	3.0	20.8
BDT63087.1	BDT63570.1	27.027	37	27	0	89	125	15	51	5.3	20.4
BDT63087.1	BDT63542.1	26.761	71	43	2	95	158	944	1012	6.6	20.4
BDT63087.1	BDT63573.1	41.176	17	10	0	127	143	5	21	8.6	20.0
BDT63088.1	BDT63548.1	24.000	100	62	5	111	202	4	97	2.29e-04	32.3
BDT63088.1	BDT63533.1	42.857	21	12	0	102	122	228	248	0.49	23.9
BDT63088.1	BDT63515.1	36.000	25	16	0	175	199	302	326	4.5	21.2
BDT63088.1	BDT63580.1	38.710	31	19	0	78	108	797	827	6.2	20.8
BDT63088.1	BDT63575.1	43.750	16	9	0	29	44	378	393	6.2	20.4
BDT63088.1	BDT63501.1	39.130	23	14	0	38	60	946	968	8.3	20.0
BDT63088.1	BDT63551.1	31.818	22	15	0	161	182	245	266	9.2	20.0
BDT63089.1	BDT63547.1	34.247	511	302	7	23	533	2	478	4.64e-105	317
BDT63089.1	BDT63556.1	38.462	26	16	0	73	98	1505	1530	0.79	25.0
BDT63089.1	BDT63503.1	19.178	73	53	2	223	295	1778	1844	6.6	22.3
BDT63089.1	BDT63532.1	32.353	34	22	1	169	201	403	436	7.4	21.9
BDT63090.1	BDT63546.1	34.234	111	69	3	67	173	7	117	3.82e-11	51.6
BDT63090.1	BDT63568.1	35.556	45	28	1	47	91	176	219	1.1	22.7
BDT63091.1	BDT63531.1	35.714	28	18	0	26	53	246	273	0.82	24.3
BDT63091.1	BDT63555.1	36.842	19	12	0	231	249	202	220	8.4	21.2
BDT63092.1	BDT63544.1	29.268	82	51	2	82	156	65	146	1.43e-04	35.0
BDT63092.1	BDT63525.1	35.417	48	25	1	150	197	92	133	0.86	23.5
BDT63092.1	BDT63569.1	57.895	19	6	1	220	236	883	901	2.4	22.3
BDT63092.1	BDT63509.1	33.333	39	21	2	173	211	919	952	6.3	20.8
BDT63093.1	BDT63543.1	54.430	79	36	0	1	79	1	79	6.35e-26	85.5
BDT63093.1	BDT63533.1	34.783	46	28	1	7	50	1305	1350	0.083	24.3
BDT63093.1	BDT63519.1	40.000	25	14	1	27	51	976	999	4.2	19.2
BDT63093.1	BDT63532.1	46.154	13	7	0	8	20	810	822	4.9	19.2
BDT63093.1	BDT63563.1	26.190	42	22	1	24	65	2275	2307	6.6	18.9
BDT63094.1	BDT63542.1	30.615	748	403	19	474	1169	334	1017	3.45e-99	333
BDT63094.1	BDT63556.1	39.286	28	17	0	192	219	720	747	0.11	29.3
BDT63094.1	BDT63579.1	30.263	76	40	2	1145	1207	2173	2248	2.6	24.6
BDT63094.1	BDT63508.1	38.710	31	19	0	362	392	674	704	6.4	23.5
BDT63094.1	BDT63519.1	21.053	38	30	0	1152	1189	1116	1153	7.4	23.1
BDT63094.1	BDT63516.1	33.333	42	26	2	484	524	1482	1522	8.4	23.1
BDT63095.1	BDT63519.1	38.182	55	23	3	113	167	1442	1485	1.1	23.1
BDT63095.1	BDT63510.1	22.222	117	80	4	60	165	1	117	1.8	22.3
BDT63095.1	BDT63523.1	30.000	20	14	0	56	75	1224	1243	3.3	21.6
BDT63095.1	BDT63582.1	24.719	89	56	5	109	193	18	99	3.8	21.2
BDT63096.1	BDT63541.1	28.829	222	145	3	30	247	32	244	1.61e-28	102
BDT63096.1	BDT63573.1	55.556	18	7	1	220	237	794	810	0.40	24.6
BDT63096.1	BDT63533.1	31.579	19	13	0	109	127	699	717	2.9	21.9
BDT63096.1	BDT63549.1	72.727	11	3	0	56	66	129	139	3.7	21.6
BDT63096.1	BDT63531.1	28.571	28	20	0	82	109	496	523	4.8	21.2
BDT63096.1	BDT63553.1	31.579	57	26	3	208	256	554	605	6.1	21.2
BDT63096.1	BDT63580.1	42.857	14	8	0	41	54	797	810	7.6	20.8
BDT63096.1	BDT63500.1	30.769	26	18	0	207	232	429	454	7.9	20.8
BDT63096.1	BDT63514.1	41.176	17	10	0	219	235	29	45	9.1	20.4
BDT63097.1	BDT63540.1	30.882	476	295	8	1	452	1	466	6.15e-62	202
BDT63097.1	BDT63580.1	31.250	80	50	2	112	186	4282	4361	0.89	24.6
BDT63097.1	BDT63571.1	23.438	64	46	1	84	147	424	484	1.1	24.3
BDT63097.1	BDT63550.1	33.333	33	22	0	323	355	137	169	1.4	23.5
BDT63097.1	BDT63516.1	42.308	26	15	0	393	418	2141	2166	1.9	23.9
BDT63097.1	BDT63565.1	20.635	63	43	1	325	380	136	198	2.5	23.1
BDT63097.1	BDT63573.1	25.714	35	26	0	57	91	699	733	5.5	21.9
BDT63097.1	BDT63570.1	21.839	87	64	2	195	281	214	296	7.4	21.6
BDT63097.1	BDT63503.1	42.857	21	12	0	201	221	1698	1718	9.8	21.2
BDT63097.1	BDT63538.1	45.000	20	9	1	333	350	774	793	9.8	21.2
BDT63098.1	BDT63538.1	45.595	908	394	19	5	842	2	879	0.0	703
BDT63098.1	BDT63552.1	31.373	51	34	1	180	230	330	379	1.8	24.6
BDT63098.1	BDT63502.1	29.091	55	37	1	82	136	213	265	2.7	24.3
BDT63098.1	BDT63578.1	28.261	46	31	1	273	318	25	68	4.0	22.3
BDT63098.1	BDT63554.1	32.000	50	27	2	21	66	103	149	8.1	22.3
BDT63098.1	BDT63501.1	35.714	28	18	0	63	90	659	686	9.7	22.3
BDT63099.1	BDT63580.1	28.986	69	36	1	67	135	4927	4982	0.18	26.6
BDT63099.1	BDT63516.1	31.034	87	48	5	241	325	1473	1549	0.66	24.6
BDT63099.1	BDT63527.1	27.660	47	30	1	293	335	246	292	1.3	23.5
BDT63099.1	BDT63506.1	23.770	122	76	6	154	270	847	956	4.1	22.3
BDT63099.1	BDT63524.1	25.843	89	59	3	258	344	59	142	6.0	21.2
BDT63100.1	BDT63556.1	29.885	87	52	4	21	101	461	544	0.70	22.7
BDT63100.1	BDT63573.1	34.615	26	17	0	80	105	776	801	0.90	22.3
BDT63100.1	BDT63507.1	30.435	46	27	2	62	107	58	98	1.4	21.6
BDT63100.1	BDT63516.1	50.000	16	8	0	81	96	1476	1491	3.9	20.4
BDT63100.1	BDT63563.1	27.273	33	24	0	74	106	2213	2245	5.1	20.0
BDT63100.1	BDT63580.1	36.000	25	15	1	69	93	3340	3363	5.6	19.6
BDT63100.1	BDT63537.1	23.077	26	18	1	21	44	174	199	6.5	19.6
BDT63100.1	BDT63517.1	27.778	18	13	0	106	123	203	220	7.1	19.2
BDT63100.1	BDT63504.1	23.333	30	23	0	34	63	726	755	7.6	19.2
BDT63100.1	BDT63505.1	23.333	30	23	0	34	63	727	756	8.1	19.2
BDT63100.1	BDT63571.1	38.889	18	11	0	74	91	357	374	8.9	19.2
BDT63101.1	BDT63535.1	44.444	90	39	2	137	226	83	161	6.20e-21	82.4
BDT63101.1	BDT63573.1	32.432	37	21	1	142	174	926	962	2.8	22.3
BDT63101.1	BDT63516.1	50.000	16	8	0	19	34	646	661	4.2	21.9
BDT63101.1	BDT63515.1	30.769	65	34	3	168	222	111	174	7.2	20.8
BDT63101.1	BDT63533.1	27.500	40	23	1	182	215	1305	1344	9.3	20.8
BDT63102.1	BDT63569.1	25.000	116	74	3	87	195	203	312	0.032	27.7
BDT63102.1	BDT63534.1	25.862	58	35	1	127	184	142	191	0.11	25.8
BDT63102.1	BDT63505.1	34.615	26	17	0	4	29	38	63	0.29	24.6
BDT63102.1	BDT63506.1	34.615	26	17	0	4	29	38	63	0.30	24.6
BDT63102.1	BDT63504.1	34.615	26	17	0	4	29	38	63	0.31	24.6
BDT63102.1	BDT63500.1	19.355	31	25	0	6	36	561	591	4.7	20.8
BDT63102.1	BDT63553.1	43.750	16	9	0	17	32	53	68	9.1	20.0
BDT63102.1	BDT63538.1	24.138	29	22	0	65	93	449	477	9.2	20.0
BDT63103.1	BDT63519.1	30.909	55	31	2	10	57	429	483	0.35	21.9
BDT63103.1	BDT63579.1	100.000	7	0	0	11	17	406	412	2.9	19.6
BDT63103.1	BDT63580.1	31.034	29	20	0	19	47	4388	4416	5.5	18.9
BDT63103.1	BDT63516.1	27.083	48	26	2	21	59	1925	1972	6.8	18.5
BDT63104.1	BDT63533.1	33.959	1652	903	32	11	1629	27	1523	0.0	972
BDT63104.1	BDT63515.1	27.273	44	29	1	1187	1227	103	146	5.9	23.9
BDT63104.1	BDT63525.1	35.000	40	25	1	814	852	77	116	7.9	23.5
BDT63105.1	BDT63532.1	33.827	946	531	27	18	902	24	935	2.14e-156	484
BDT63105.1	BDT63580.1	31.429	70	46	1	733	802	1126	1193	0.12	28.9
BDT63105.1	BDT63579.1	30.337	89	50	4	102	184	200	282	4.2	23.9
BDT63105.1	BDT63546.1	56.250	16	7	0	408	423	58	73	5.0	22.7
BDT63105.1	BDT63528.1	26.415	53	39	0	775	827	104	156	6.2	23.1
BDT63106.1	BDT63531.1	60.227	440	149	3	341	761	154	586	0.0	532
BDT63106.1	BDT63538.1	42.424	33	18	1	711	743	701	732	0.38	26.6
BDT63106.1	BDT63516.1	29.508	61	36	3	378	438	1003	1056	1.9	24.6
BDT63106.1	BDT63542.1	27.273	77	36	4	265	321	350	426	2.2	24.3
BDT63106.1	BDT63580.1	42.857	21	12	0	140	160	510	530	3.3	23.9
BDT63106.1	BDT63551.1	32.653	49	30	2	580	625	291	339	5.4	23.1
BDT63107.1	BDT63519.1	36.000	25	16	0	1	25	126	150	1.7	22.3
BDT63107.1	BDT63551.1	28.000	50	26	1	101	140	747	796	2.7	21.6
BDT63107.1	BDT63555.1	26.531	49	35	1	101	148	193	241	5.8	20.4
BDT63107.1	BDT63562.1	31.579	19	13	0	14	32	368	386	6.9	20.4
BDT63107.1	BDT63566.1	46.154	26	12	1	120	145	685	708	8.6	20.0
BDT63107.1	BDT63580.1	32.500	40	25	1	7	44	2875	2914	9.4	20.0
BDT63108.1	BDT63577.1	36.000	25	16	0	36	60	116	140	2.6	21.2
BDT63108.1	BDT63566.1	63.636	11	4	0	47	57	870	880	4.4	20.8
BDT63108.1	BDT63499.1	28.333	60	35	3	28	80	1095	1153	4.5	20.4
BDT63108.1	BDT63530.1	27.586	29	21	0	93	121	391	419	5.8	20.4
BDT63108.1	BDT63580.1	50.000	16	8	0	46	61	890	905	7.0	20.0
BDT63108.1	BDT63569.1	31.373	51	25	2	82	128	365	409	8.1	19.6
BDT63109.1	BDT63529.1	38.768	779	428	18	35	781	9	770	1.02e-168	499
BDT63109.1	BDT63579.1	33.333	45	24	1	624	668	1334	1372	1.4	25.0
BDT63109.1	BDT63528.1	30.000	50	32	2	536	582	608	657	6.3	22.7
BDT63109.1	BDT63580.1	44.000	25	13	1	573	597	5896	5919	6.3	22.7
BDT63110.1	BDT63528.1	41.131	1026	533	20	29	1029	53	1032	0.0	771
BDT63110.1	BDT63565.1	36.667	30	19	0	837	866	89	118	0.23	27.7
BDT63110.1	BDT63519.1	33.333	45	24	1	790	828	648	692	1.8	25.0
BDT63110.1	BDT63573.1	30.769	52	34	1	108	157	972	1023	3.3	24.3
BDT63110.1	BDT63530.1	43.478	23	13	0	708	730	511	533	7.8	22.7
BDT63110.1	BDT63501.1	21.348	89	58	3	661	739	342	428	8.0	22.7
BDT63111.1	BDT63525.1	42.236	322	138	6	34	355	24	297	7.01e-88	262
BDT63111.1	BDT63579.1	33.333	45	22	3	26	68	3427	3465	0.22	26.2
BDT63111.1	BDT63522.1	30.000	30	21	0	194	223	640	669	1.6	23.5
BDT63111.1	BDT63504.1	37.500	24	15	0	317	340	645	668	1.7	23.5
BDT63111.1	BDT63505.1	37.500	24	15	0	317	340	646	669	2.0	23.1
BDT63111.1	BDT63499.1	50.000	16	8	0	326	341	228	243	2.4	23.1
BDT63111.1	BDT63553.1	33.333	72	30	4	298	353	1095	1164	3.8	22.3
BDT63112.1	BDT63570.1	30.282	284	174	7	124	388	30	308	7.03e-31	123
BDT63112.1	BDT63538.1	31.579	38	18	1	551	580	255	292	2.2	24.6
BDT63112.1	BDT63516.1	30.556	36	25	0	734	769	1732	1767	2.6	24.3
BDT63112.1	BDT63519.1	43.478	23	13	0	178	200	1376	1398	3.3	23.9
BDT63113.1	BDT63524.1	25.595	168	119	4	80	246	79	241	1.29e-21	84.0
BDT63113.1	BDT63542.1	30.952	42	29	0	190	231	389	430	1.1	23.5
BDT63113.1	BDT63556.1	32.258	31	21	0	133	163	792	822	1.2	23.1
BDT63113.1	BDT63569.1	23.529	68	50	1	86	153	128	193	1.9	22.7
BDT63113.1	BDT63537.1	21.930	114	68	3	69	170	105	209	9.6	20.0
BDT63114.1	BDT63571.1	51.786	56	27	0	29	84	436	491	1.68e-17	68.6
BDT63114.1	BDT63555.1	25.000	52	33	3	8	55	394	443	0.15	23.5
BDT63114.1	BDT63573.1	47.059	17	9	0	13	29	1213	1229	0.20	23.1
BDT63114.1	BDT63556.1	28.333	60	26	3	37	79	1523	1582	2.4	20.0
BDT63114.1	BDT63509.1	36.364	22	14	0	40	61	94	115	4.4	19.2
BDT63114.1	BDT63566.1	42.857	21	11	1	12	32	951	970	4.6	19.2
BDT63115.1	BDT63562.1	33.333	33	22	0	10	42	497	529	0.040	23.9
BDT63115.1	BDT63503.1	52.632	19	8	1	2	20	1819	1836	0.49	20.8
BDT63115.1	BDT63561.1	45.455	22	9	1	34	52	70	91	1.2	20.0
BDT63115.1	BDT63554.1	47.368	19	10	0	23	41	364	382	1.3	19.6
BDT63115.1	BDT63563.1	29.268	41	29	0	4	44	1519	1559	1.8	19.2
BDT63115.1	BDT63553.1	57.143	7	3	0	52	58	313	319	4.8	18.1
BDT63115.1	BDT63583.1	32.353	34	22	1	27	59	160	193	8.8	17.3
BDT63115.1	BDT63579.1	70.000	10	3	0	32	41	3326	3335	8.9	17.3
BDT63116.1	BDT63572.1	30.282	142	89	3	1	141	1	133	9.86e-14	60.8
BDT63116.1	BDT63509.1	41.379	29	17	0	18	46	46	74	2.4	22.7
BDT63116.1	BDT63573.1	60.000	15	6	0	204	218	5	19	3.6	21.9
BDT63116.1	BDT63516.1	24.324	37	28	0	176	212	169	205	4.7	21.6
BDT63116.1	BDT63515.1	26.984	63	40	2	88	144	668	730	6.3	21.2
BDT63117.1	BDT63573.1	30.579	1089	630	23	118	1150	229	1247	5.48e-160	504
BDT63117.1	BDT63560.1	28.125	64	39	2	1059	1122	298	354	4.3	23.9
BDT63117.1	BDT63580.1	26.042	96	54	2	43	126	2565	2655	5.6	23.5
BDT63117.1	BDT63516.1	46.667	15	8	0	262	276	1976	1990	8.9	23.1
BDT63118.1	BDT63574.1	23.367	398	241	11	438	807	616	977	1.11e-21	93.6
BDT63118.1	BDT63547.1	31.818	44	27	1	275	315	116	159	0.094	28.5
BDT63118.1	BDT63503.1	35.294	51	27	3	268	312	1402	1452	2.2	24.3
BDT63118.1	BDT63573.1	34.286	35	10	1	683	717	376	397	3.5	23.9
BDT63118.1	BDT63567.1	23.256	43	33	0	377	419	76	118	7.9	22.3
BDT63119.1	BDT63519.1	36.364	22	13	1	112	133	159	179	1.9	22.3
BDT63119.1	BDT63508.1	31.250	32	18	2	170	200	1026	1054	4.4	21.2
BDT63119.1	BDT63567.1	37.500	24	14	1	99	122	230	252	4.6	20.8
BDT63119.1	BDT63555.1	25.000	68	41	2	12	79	767	824	5.6	20.8
BDT63119.1	BDT63580.1	45.833	24	10	1	18	38	3076	3099	6.8	20.8
BDT63119.1	BDT63556.1	23.913	46	28	1	4	42	1592	1637	7.4	20.4
BDT63119.1	BDT63510.1	37.500	24	12	1	43	63	734	757	8.3	20.4
BDT63120.1	BDT63575.1	29.630	378	208	17	5	344	27	384	6.21e-32	126
BDT63120.1	BDT63508.1	46.667	30	16	0	426	455	178	207	0.39	26.9
BDT63120.1	BDT63579.1	35.714	42	27	0	11	52	3566	3607	0.58	26.6
BDT63120.1	BDT63505.1	27.586	58	41	1	779	835	374	431	0.98	25.4
BDT63120.1	BDT63563.1	43.750	16	9	0	483	498	211	226	1.8	24.6
BDT63120.1	BDT63542.1	35.714	42	21	1	477	512	321	362	7.0	22.7
BDT63120.1	BDT63580.1	40.909	22	13	0	599	620	2782	2803	8.7	22.7
BDT63121.1	BDT63577.1	31.194	779	452	14	1	745	1	729	3.42e-129	394
BDT63121.1	BDT63553.1	34.091	44	27	1	281	324	446	487	0.47	26.6
BDT63121.1	BDT63515.1	42.857	28	15	1	371	397	606	633	1.5	24.6
BDT63121.1	BDT63503.1	38.462	26	16	0	160	185	2	27	4.7	23.1
BDT63121.1	BDT63540.1	25.641	39	29	0	701	739	180	218	5.0	23.1
BDT63121.1	BDT63556.1	31.111	45	29	1	199	241	1355	1399	8.5	22.3
BDT63121.1	BDT63521.1	45.000	20	11	0	670	689	120	139	9.8	21.9
BDT63122.1	BDT63563.1	36.667	30	19	0	46	75	391	420	0.21	22.7
BDT63122.1	BDT63578.1	26.000	50	35	1	20	69	1	48	0.67	20.8
BDT63122.1	BDT63553.1	38.889	18	11	0	33	50	473	490	7.9	18.1
BDT63123.1	BDT63570.1	36.161	224	112	7	140	334	109	330	1.20e-29	119
BDT63123.1	BDT63527.1	27.160	81	41	3	421	494	62	131	0.57	25.8
BDT63123.1	BDT63564.1	22.642	53	41	0	608	660	56	108	0.78	25.8
BDT63123.1	BDT63560.1	40.625	32	12	1	637	661	215	246	2.9	23.9
BDT63123.1	BDT63563.1	29.333	75	42	3	300	367	2189	2259	4.5	23.5
BDT63123.1	BDT63516.1	30.556	36	25	0	575	610	1732	1767	5.2	23.1
BDT63123.1	BDT63500.1	50.000	18	9	0	28	45	571	588	9.6	22.3
BDT63124.1	BDT63579.1	37.318	2125	1159	54	10	2084	1	2002	0.0	1303
BDT63124.1	BDT63498.1	45.205	73	38	1	771	843	1	71	3.70e-15	67.0
BDT63124.1	BDT63522.1	36.842	38	19	1	2011	2048	836	868	2.6	26.6
BDT63125.1	BDT63580.1	43.785	6340	3008	118	78	6220	53	6033	0.0	4909
BDT63125.1	BDT63503.1	31.429	35	24	0	5053	5087	64	98	5.0	26.2
BDT63126.1	BDT63518.1	31.915	47	29	1	23	69	154	197	1.6	23.1
BDT63126.1	BDT63506.1	31.429	35	24	0	268	302	495	529	3.1	22.3
BDT63126.1	BDT63530.1	30.000	40	21	1	200	232	307	346	4.0	21.9
BDT63126.1	BDT63504.1	25.424	59	36	1	252	302	464	522	4.6	21.9
BDT63126.1	BDT63579.1	30.000	60	39	2	225	282	2468	2526	8.0	21.2
BDT63127.1	BDT63555.1	34.615	26	17	0	258	283	660	685	5.0	21.9
BDT63128.1	BDT63533.1	33.333	54	27	1	221	265	988	1041	0.25	25.4
BDT63128.1	BDT63562.1	32.143	28	19	0	193	220	274	301	5.5	21.2
BDT63128.1	BDT63525.1	42.105	19	11	0	253	271	168	186	5.7	21.2
BDT63129.1	BDT63569.1	41.667	24	9	1	34	52	879	902	0.58	22.3
BDT63129.1	BDT63580.1	27.119	59	37	1	45	97	888	946	3.2	20.0
BDT63129.1	BDT63511.1	53.846	13	6	0	50	62	143	155	7.0	18.9
BDT63129.1	BDT63524.1	30.000	30	21	0	8	37	171	200	7.6	18.9
BDT63130.1	BDT63500.1	42.457	822	402	11	3	804	7	777	0.0	670
BDT63130.1	BDT63533.1	27.419	62	45	0	246	307	1015	1076	0.14	28.5
BDT63130.1	BDT63509.1	39.216	51	25	1	178	228	465	509	0.29	27.3
BDT63130.1	BDT63504.1	24.615	65	47	1	685	747	738	802	0.79	25.8
BDT63130.1	BDT63552.1	25.926	81	52	3	275	354	406	479	1.3	25.0
BDT63130.1	BDT63506.1	23.611	72	53	1	690	759	749	820	2.2	24.3
BDT63130.1	BDT63566.1	25.210	119	70	5	700	804	573	686	2.5	24.3
BDT63130.1	BDT63505.1	23.077	65	48	1	685	747	739	803	2.8	24.3
BDT63130.1	BDT63580.1	25.850	147	85	6	197	325	2700	2840	2.8	24.3
BDT63130.1	BDT63519.1	62.500	16	6	0	256	271	897	912	5.0	23.1
BDT63130.1	BDT63531.1	31.034	29	20	0	394	422	557	585	5.6	23.1
BDT63130.1	BDT63573.1	28.889	45	31	1	359	402	1033	1077	5.7	23.1
BDT63130.1	BDT63528.1	24.242	66	45	1	318	378	520	585	7.0	22.7
BDT63130.1	BDT63516.1	29.630	27	19	0	482	508	1888	1914	9.3	22.3
BDT63131.1	BDT63503.1	47.059	17	9	0	30	46	566	582	8.4	18.1
BDT63132.1	BDT63502.1	36.778	329	187	6	155	475	282	597	2.92e-60	209
BDT63132.1	BDT63515.1	27.723	101	56	3	558	648	871	964	0.002	34.3
BDT63132.1	BDT63580.1	24.742	97	62	2	30	125	818	904	1.4	24.6
BDT63132.1	BDT63579.1	23.529	85	46	2	113	184	1571	1649	2.2	24.3
BDT63132.1	BDT63510.1	43.750	16	9	0	358	373	483	498	2.5	23.9
BDT63132.1	BDT63577.1	38.889	18	11	0	627	644	550	567	5.4	22.7
BDT63133.1	BDT63503.1	48.542	2400	1098	33	4	2336	13	2342	0.0	2258
BDT63133.1	BDT63540.1	36.364	33	21	0	1577	1609	97	129	0.14	29.6
BDT63133.1	BDT63561.1	40.000	40	21	1	296	335	152	188	0.97	26.9
BDT63133.1	BDT63580.1	25.620	121	53	5	1601	1687	202	319	1.4	26.6
BDT63133.1	BDT63579.1	25.301	83	53	3	813	895	3453	3526	2.5	25.8
BDT63133.1	BDT63573.1	37.500	48	23	3	1856	1898	486	531	4.9	24.6
BDT63134.1	BDT63508.1	29.696	724	407	20	134	776	562	1264	2.63e-53	193
BDT63134.1	BDT63499.1	32.558	43	29	0	450	492	482	524	3.3	23.9
BDT63135.1	BDT63507.1	26.932	453	271	15	17	425	9	445	5.25e-44	153
BDT63135.1	BDT63551.1	54.545	22	7	1	336	354	632	653	1.0	24.3
BDT63135.1	BDT63519.1	29.268	41	29	0	236	276	1374	1414	7.2	21.6
BDT63135.1	BDT63583.1	23.077	78	46	2	38	107	51	122	8.7	21.2
BDT63136.1	BDT63505.1	29.916	478	290	16	520	981	528	976	1.43e-51	189
BDT63136.1	BDT63504.1	29.697	495	291	18	510	981	521	981	2.37e-51	189
BDT63136.1	BDT63506.1	29.461	482	292	16	520	981	534	987	2.49e-50	185
BDT63136.1	BDT63575.1	51.852	27	13	0	693	719	223	249	0.094	29.3
BDT63136.1	BDT63523.1	28.205	78	48	2	304	373	517	594	0.22	28.1
BDT63136.1	BDT63503.1	33.333	42	26	1	656	695	1920	1961	0.93	25.8
BDT63136.1	BDT63508.1	28.125	32	18	1	199	225	101	132	0.96	25.8
BDT63136.1	BDT63537.1	31.746	63	28	3	912	959	43	105	2.1	24.3
BDT63136.1	BDT63579.1	34.211	38	25	0	783	820	1685	1722	7.1	23.1
BDT63136.1	BDT63577.1	53.333	15	7	0	286	300	621	635	9.4	22.7
BDT63137.1	BDT63517.1	41.944	391	201	6	43	429	4	372	3.32e-106	314
BDT63137.1	BDT63503.1	32.609	46	23	1	368	405	442	487	0.31	26.2
BDT63137.1	BDT63499.1	23.656	93	54	3	276	351	660	752	0.80	24.6
BDT63137.1	BDT63519.1	25.806	62	35	2	287	337	1175	1236	1.7	23.9
BDT63137.1	BDT63501.1	35.135	37	23	1	379	414	387	423	2.2	23.5
BDT63137.1	BDT63528.1	33.333	48	25	2	273	314	312	358	5.4	21.9
BDT63137.1	BDT63523.1	23.134	134	80	3	215	331	226	353	5.9	21.9
BDT63138.1	BDT63516.1	27.741	1067	649	32	1133	2167	1549	2525	4.06e-107	376
BDT63138.1	BDT63534.1	23.000	100	59	2	97	196	76	157	2.7	25.0
BDT63138.1	BDT63556.1	25.000	44	33	0	1737	1780	1413	1456	3.1	25.4
BDT63138.1	BDT63580.1	25.641	117	81	3	424	537	3633	3746	3.5	25.4
BDT63138.1	BDT63509.1	26.000	50	33	1	79	124	996	1045	7.0	24.3
BDT63138.1	BDT63530.1	32.609	46	30	1	1980	2025	620	664	8.1	23.9
BDT63138.1	BDT63501.1	19.008	121	79	4	1601	1718	515	619	8.5	23.9
BDT63139.1	BDT63514.1	28.261	46	27	1	860	905	95	134	2.6	24.3
BDT63139.1	BDT63579.1	27.397	73	48	3	76	147	1880	1948	5.2	23.5
BDT63139.1	BDT63525.1	27.273	33	24	0	269	301	16	48	7.1	22.7
BDT63140.1	BDT63580.1	21.053	38	30	0	520	557	5984	6021	3.6	23.9
BDT63141.1	BDT63515.1	32.435	1224	630	32	1	1140	1	1111	0.0	568
BDT63141.1	BDT63565.1	36.000	50	29	2	1062	1109	2	50	5.9	23.5
BDT63142.1	BDT63514.1	27.273	264	169	7	56	314	61	306	2.59e-27	102
BDT63142.1	BDT63548.1	58.333	12	5	0	114	125	39	50	2.4	21.6
BDT63142.1	BDT63553.1	45.833	24	13	0	126	149	820	843	3.2	22.3
BDT63142.1	BDT63580.1	42.105	38	17	2	238	274	5265	5298	6.5	21.2
BDT63142.1	BDT63502.1	36.842	19	12	0	116	134	727	745	7.1	21.2
BDT63142.1	BDT63577.1	21.212	33	26	0	72	104	637	669	8.0	20.8
BDT63142.1	BDT63522.1	40.000	30	17	1	125	153	1344	1373	8.1	21.2
BDT63142.1	BDT63533.1	28.378	74	38	3	253	313	1138	1209	8.4	20.8
BDT63142.1	BDT63579.1	40.909	22	10	1	234	255	1628	1646	9.8	20.8
BDT63143.1	BDT63580.1	20.879	91	57	2	47	122	3819	3909	0.33	23.9
BDT63143.1	BDT63527.1	20.202	99	69	2	52	140	97	195	0.33	23.5
BDT63143.1	BDT63538.1	35.000	20	13	0	50	69	196	215	1.9	21.6
BDT63143.1	BDT63553.1	30.769	26	18	0	3	28	43	68	4.6	20.4
BDT63143.1	BDT63542.1	37.500	16	10	0	39	54	302	317	5.7	20.0
BDT63143.1	BDT63509.1	38.889	18	11	0	47	64	1012	1029	9.6	19.2
BDT63144.1	BDT63512.1	38.783	263	153	7	43	301	16	274	1.62e-56	189
BDT63144.1	BDT63503.1	39.130	23	14	0	73	95	4	26	0.74	25.0
BDT63144.1	BDT63567.1	32.353	34	23	0	346	379	191	224	3.8	22.7
BDT63144.1	BDT63561.1	47.368	19	10	0	421	439	438	456	6.1	21.9
BDT63144.1	BDT63509.1	40.741	27	16	0	317	343	971	997	7.2	21.9
BDT63144.1	BDT63579.1	47.368	19	10	0	383	401	1191	1209	9.2	21.6
BDT63145.1	BDT63511.1	30.820	305	161	7	2	306	4	258	3.10e-33	117
BDT63145.1	BDT63515.1	27.586	58	41	1	248	304	763	820	0.85	24.3
BDT63145.1	BDT63528.1	32.609	46	28	1	101	143	789	834	1.3	23.5
BDT63145.1	BDT63544.1	26.984	63	38	2	228	286	173	231	1.5	23.1
BDT63145.1	BDT63501.1	27.907	43	31	0	106	148	562	604	7.4	21.2
BDT63145.1	BDT63580.1	26.667	60	39	3	96	151	446	504	8.8	20.8
BDT63145.1	BDT63519.1	44.444	18	10	0	275	292	560	577	9.6	20.8
BDT63146.1	BDT63573.1	27.451	51	35	1	8	56	692	742	1.00	22.3
BDT63146.1	BDT63579.1	30.000	70	25	4	1	70	1300	1345	8.2	19.2
BDT63147.1	BDT63510.1	33.643	431	235	8	444	835	269	687	6.97e-72	248
BDT63147.1	BDT63523.1	27.778	54	34	1	572	625	358	406	4.4	23.9
BDT63147.1	BDT63538.1	22.222	72	40	2	361	416	58	129	4.5	23.5
BDT63147.1	BDT63554.1	43.750	32	18	0	58	89	164	195	6.2	23.1
BDT63147.1	BDT63522.1	29.268	41	27	1	772	810	1092	1132	6.4	23.1
BDT63147.1	BDT63579.1	26.761	71	49	1	9	79	2537	2604	7.0	23.1
BDT63147.1	BDT63519.1	27.184	103	56	4	232	333	1331	1415	7.3	23.1
BDT63148.1	BDT63509.1	52.852	596	245	5	1	592	1	564	0.0	659
BDT63148.1	BDT63532.1	29.091	55	36	2	671	725	938	989	0.13	28.9
BDT63148.1	BDT63579.1	25.397	63	46	1	682	743	1333	1395	2.6	25.0
BDT63148.1	BDT63580.1	32.432	37	24	1	658	694	1555	1590	7.8	23.5
BDT63148.1	BDT63523.1	36.667	30	19	0	812	841	616	645	8.4	23.1
BDT63148.1	BDT63519.1	29.167	48	33	1	604	651	1387	1433	8.8	23.1
BDT63149.1	BDT63576.1	25.333	75	53	1	103	177	35	106	0.34	24.3
BDT63149.1	BDT63505.1	30.000	40	28	0	2	41	28	67	0.77	24.3
BDT63149.1	BDT63504.1	30.000	40	28	0	2	41	28	67	0.81	24.3
BDT63149.1	BDT63502.1	25.926	54	33	1	120	166	248	301	2.8	22.3
BDT63149.1	BDT63506.1	28.947	38	27	0	2	39	28	65	2.9	22.3
BDT63149.1	BDT63518.1	26.415	53	39	0	105	157	101	153	5.8	21.2
BDT63149.1	BDT63503.1	35.417	48	26	2	88	134	816	859	6.1	21.2
BDT63149.1	BDT63512.1	57.143	14	6	0	168	181	444	457	6.5	21.2
BDT63149.1	BDT63516.1	36.667	30	19	0	28	57	2159	2188	6.7	21.2
BDT63149.1	BDT63575.1	60.000	15	6	0	6	20	707	721	8.4	20.8
BDT63150.1	BDT63519.1	45.075	1604	722	28	1	1539	1	1510	0.0	1330
BDT63150.1	BDT63570.1	29.231	65	38	2	595	657	226	284	0.41	27.7
BDT63150.1	BDT63533.1	28.986	69	43	3	300	362	742	810	0.50	27.3
BDT63150.1	BDT63579.1	24.490	147	88	5	993	1122	1058	1198	3.4	24.6
BDT63150.1	BDT63547.1	26.786	56	36	1	712	767	283	333	3.9	24.3
BDT63150.1	BDT63507.1	34.286	35	20	1	1300	1334	125	156	5.8	23.9
BDT63150.1	BDT63509.1	35.897	39	25	0	110	148	1029	1067	7.6	23.5
BDT63151.1	BDT63520.1	35.484	31	20	0	171	201	153	183	2.14e-04	33.9
BDT63151.1	BDT63524.1	21.849	119	70	5	27	129	84	195	0.90	23.1
BDT63151.1	BDT63503.1	29.412	34	24	0	153	186	2082	2115	1.1	23.1
BDT63151.1	BDT63579.1	50.000	18	9	0	178	195	233	250	1.6	22.3
BDT63151.1	BDT63578.1	26.923	26	19	0	23	48	65	90	2.2	21.2
BDT63151.1	BDT63508.1	37.255	51	19	4	130	168	634	683	3.0	21.6
BDT63151.1	BDT63532.1	30.303	33	23	0	84	116	343	375	3.9	21.2
BDT63151.1	BDT63556.1	35.714	28	16	1	151	176	485	512	5.3	20.8
BDT63152.1	BDT63521.1	23.864	264	187	2	29	278	16	279	1.21e-28	104
BDT63152.1	BDT63558.1	37.143	35	14	1	190	224	111	137	0.17	25.8
BDT63152.1	BDT63500.1	26.415	106	76	1	37	140	273	378	0.26	25.4
BDT63152.1	BDT63507.1	25.714	35	26	0	205	239	268	302	5.1	21.2
BDT63152.1	BDT63555.1	44.000	25	9	1	55	79	610	629	7.8	20.8
BDT63152.1	BDT63580.1	24.051	79	58	1	200	278	3222	3298	7.9	20.8
BDT63153.1	BDT63569.1	30.769	91	49	3	50	139	369	446	0.017	28.9
BDT63153.1	BDT63510.1	56.250	16	7	0	188	203	73	88	2.0	22.3
BDT63153.1	BDT63508.1	42.857	21	12	0	198	218	238	258	2.2	22.3
BDT63153.1	BDT63515.1	25.758	66	39	3	81	138	510	573	5.0	21.2
BDT63154.1	BDT63522.1	24.848	1312	768	37	257	1439	134	1356	1.10e-107	369
BDT63154.1	BDT63517.1	27.660	94	50	4	233	316	114	199	0.31	27.7
BDT63154.1	BDT63519.1	27.536	69	43	1	483	551	724	785	2.5	25.0
BDT63154.1	BDT63505.1	41.667	24	14	0	1098	1121	472	495	9.5	23.1
BDT63155.1	BDT63523.1	39.344	244	144	3	1	241	921	1163	9.54e-55	185
BDT63155.1	BDT63563.1	36.585	41	17	2	24	56	2058	2097	2.1	22.7
BDT63155.1	BDT63508.1	38.235	34	19	1	213	246	986	1017	2.9	22.3
BDT63155.1	BDT63532.1	53.333	15	7	0	273	287	86	100	8.3	20.8
BDT63155.1	BDT63505.1	47.368	19	10	0	47	65	808	826	9.6	20.8
BDT63155.1	BDT63504.1	47.368	19	10	0	47	65	807	825	9.6	20.8
BDT63156.1	BDT63569.1	29.780	863	476	22	235	1080	174	923	4.48e-114	369
BDT63156.1	BDT63516.1	27.778	72	47	3	5	73	695	764	1.4	25.4
BDT63156.1	BDT63573.1	34.483	29	18	1	343	370	1232	1260	7.9	23.1
BDT63157.1	BDT63580.1	25.743	101	64	3	30	119	5029	5129	0.076	26.2
BDT63157.1	BDT63579.1	35.484	31	20	0	129	159	3409	3439	1.1	22.3
BDT63157.1	BDT63522.1	23.810	42	32	0	86	127	1133	1174	8.9	19.6
BDT63158.1	BDT63504.1	37.500	24	15	0	80	103	328	351	9.8	21.2
BDT63158.1	BDT63506.1	37.500	24	15	0	80	103	335	358	9.9	21.2
BDT63159.1	BDT63527.1	25.773	97	64	3	120	211	201	294	3.35e-06	41.6
BDT63159.1	BDT63532.1	28.571	35	25	0	418	452	654	688	0.99	24.6
BDT63159.1	BDT63505.1	29.730	37	26	0	183	219	170	206	5.5	22.3
BDT63160.1	BDT63563.1	27.869	61	34	1	523	573	162	222	3.5	23.5
BDT63160.1	BDT63552.1	34.211	38	23	1	332	367	349	386	6.2	22.3
BDT63160.1	BDT63516.1	32.432	37	24	1	8	44	2150	2185	6.9	22.3
BDT63160.1	BDT63515.1	33.333	21	14	0	443	463	39	59	9.5	21.9
BDT63161.1	BDT63564.1	24.091	220	142	9	183	392	27	231	1.19e-14	70.5
BDT63161.1	BDT63524.1	27.778	72	42	3	337	398	106	177	0.63	25.8
BDT63161.1	BDT63538.1	35.088	57	28	3	698	749	583	635	0.98	25.4
BDT63161.1	BDT63542.1	36.170	47	26	3	562	606	580	624	1.5	25.0
BDT63161.1	BDT63552.1	21.277	47	35	1	262	308	484	528	4.6	23.1
BDT63161.1	BDT63560.1	35.714	28	16	1	570	595	9	36	5.9	22.7
BDT63161.1	BDT63540.1	28.788	66	32	3	746	807	64	118	7.4	22.3
BDT63161.1	BDT63562.1	36.111	36	20	1	265	297	274	309	7.7	22.7
BDT63162.1	BDT63563.1	29.714	350	197	14	412	728	288	621	2.53e-33	133
BDT63162.1	BDT63516.1	52.000	25	11	1	181	205	2184	2207	0.19	28.5
BDT63162.1	BDT63542.1	24.675	77	44	3	489	562	416	481	6.8	23.5
