BDT63074.1	BDU67732.1	36.364	33	21	0	75	107	29	61	2.2	25.8
BDT63074.1	BDU67445.1	31.148	61	25	2	338	398	143	186	2.9	25.0
BDT63074.1	BDU67424.1	33.333	24	16	0	157	180	7	30	6.5	23.1
BDT63074.1	BDU67843.1	36.735	49	27	2	149	193	4	52	6.8	23.9
BDT63075.1	BDU67845.1	34.694	49	30	1	284	332	271	317	0.88	27.3
BDT63075.1	BDU67607.1	35.714	28	18	0	625	652	117	144	2.8	25.8
BDT63075.1	BDU67381.1	30.769	39	27	0	525	563	210	248	3.2	25.4
BDT63075.1	BDU67747.1	29.851	67	42	2	343	406	99	163	4.2	25.0
BDT63075.1	BDU67539.1	27.451	51	33	3	13	61	27	75	4.5	23.9
BDT63075.1	BDU67359.1	38.462	26	16	0	801	826	440	465	5.2	25.0
BDT63076.1	BDU67514.1	26.000	50	28	2	7	56	445	485	1.9	21.9
BDT63076.1	BDU67526.1	27.907	43	19	2	22	64	22	52	4.5	20.8
BDT63076.1	BDU67528.1	58.333	12	5	0	21	32	161	172	6.6	20.4
BDT63076.1	BDU67577.1	38.095	21	13	0	30	50	205	225	6.6	20.4
BDT63076.1	BDU67418.1	29.412	51	35	1	29	79	223	272	7.4	20.4
BDT63077.1	BDU67589.1	58.333	12	5	0	156	167	186	197	9.4	21.6
BDT63078.1	BDU67514.1	56.250	16	7	0	60	75	523	538	1.1	23.5
BDT63078.1	BDU67808.1	32.432	37	20	1	32	63	421	457	1.8	22.7
BDT63078.1	BDU67403.1	42.857	21	12	0	18	38	468	488	5.3	21.2
BDT63078.1	BDU67572.1	28.571	49	27	2	12	58	89	131	5.3	21.2
BDT63079.1	BDU67522.1	28.105	153	83	5	105	257	9	134	5.66e-06	45.1
BDT63079.1	BDU67746.1	23.370	184	119	9	1256	1431	266	435	0.022	33.5
BDT63079.1	BDU67657.1	45.455	33	12	1	1967	1999	231	257	3.0	26.6
BDT63079.1	BDU67672.1	30.435	46	32	0	1242	1287	408	453	4.6	26.2
BDT63079.1	BDU67520.1	19.868	151	113	3	1227	1373	121	267	5.1	25.8
BDT63079.1	BDU67457.1	43.333	30	16	1	640	668	161	190	6.0	25.4
BDT63079.1	BDU67491.1	20.561	107	76	1	607	704	176	282	7.5	25.4
BDT63079.1	BDU67696.1	29.545	44	28	1	746	786	406	449	8.8	25.0
BDT63080.1	BDU67664.1	29.268	82	48	3	32	111	566	639	1.7	26.2
BDT63081.1	BDU67836.1	41.176	34	13	2	489	517	40	71	3.2	24.6
BDT63081.1	BDU67781.1	45.000	20	11	0	463	482	200	219	9.2	23.1
BDT63082.1	BDU67725.1	50.000	22	11	0	517	538	205	226	1.7	26.6
BDT63082.1	BDU67845.1	52.941	17	8	0	803	819	301	317	4.8	25.4
BDT63082.1	BDU67815.1	28.302	53	30	1	877	921	715	767	5.4	25.4
BDT63082.1	BDU67436.1	31.915	47	32	0	980	1026	527	573	7.6	24.6
BDT63083.1	BDU67834.1	24.675	77	44	2	461	537	74	136	0.52	26.9
BDT63083.1	BDU67627.1	42.857	28	13	1	383	410	153	177	4.8	24.3
BDT63084.1	BDU67627.1	23.810	105	70	3	371	475	371	465	0.22	29.3
BDT63084.1	BDU67733.1	21.101	109	69	4	585	684	275	375	0.85	27.3
BDT63084.1	BDU67445.1	23.944	71	41	3	747	807	25	92	3.8	24.6
BDT63084.1	BDU67591.1	50.000	18	9	0	872	889	4	21	4.4	23.5
BDT63084.1	BDU67807.1	31.111	45	25	3	753	797	57	95	7.2	23.9
BDT63085.1	BDU67418.1	35.714	28	18	0	87	114	94	121	0.64	23.5
BDT63085.1	BDU67482.1	42.857	21	12	0	85	105	287	307	1.1	22.7
BDT63085.1	BDU67672.1	38.462	26	16	0	87	112	305	330	1.2	22.7
BDT63085.1	BDU67349.1	52.941	17	8	0	11	27	25	41	3.7	21.2
BDT63086.1	BDU67621.1	30.000	80	49	2	31	104	14	92	0.11	26.6
BDT63086.1	BDU67795.1	41.667	24	13	1	58	81	22	44	1.0	24.6
BDT63086.1	BDU67814.1	34.783	23	15	0	99	121	120	142	5.2	22.3
BDT63086.1	BDU67703.1	30.000	40	27	1	218	256	164	203	6.8	22.3
BDT63087.1	BDU67384.1	24.528	53	33	1	112	164	217	262	0.60	24.6
BDT63087.1	BDU67392.1	32.692	52	32	2	77	128	214	262	1.9	23.1
BDT63087.1	BDU67877.1	64.706	17	5	1	125	140	6	22	2.9	21.2
BDT63087.1	BDU67872.1	41.379	29	17	0	18	46	73	101	6.6	21.6
BDT63089.1	BDU67563.1	20.000	50	40	0	206	255	137	186	2.3	24.6
BDT63089.1	BDU67510.1	52.941	17	8	0	97	113	33	49	9.4	22.7
BDT63090.1	BDU67456.1	37.500	32	18	1	87	116	136	167	1.1	23.9
BDT63090.1	BDU67656.1	25.490	51	36	1	95	143	17	67	3.2	22.3
BDT63090.1	BDU67652.1	27.027	74	52	2	58	131	35	106	5.9	21.6
BDT63090.1	BDU67821.1	38.235	34	18	1	40	70	42	75	6.0	21.6
BDT63091.1	BDU67692.1	39.286	28	9	1	162	189	39	58	3.3	23.5
BDT63092.1	BDU67769.1	33.333	30	20	0	7	36	51	80	2.7	23.1
BDT63093.1	BDU67876.1	30.303	33	23	0	44	76	1	33	2.5	20.8
BDT63093.1	BDU67585.1	26.786	56	26	2	4	59	863	903	3.3	20.8
BDT63093.1	BDU67830.1	38.462	39	24	0	32	70	168	206	4.1	20.4
BDT63093.1	BDU67438.1	38.462	26	16	0	9	34	141	166	6.8	19.6
BDT63093.1	BDU67568.1	34.146	41	21	1	17	57	275	309	8.3	19.6
BDT63093.1	BDU67732.1	25.000	28	21	0	3	30	43	70	9.2	19.6
BDT63094.1	BDU67394.1	29.630	108	40	5	456	559	143	218	1.5	26.9
BDT63094.1	BDU67430.1	28.947	76	42	2	535	610	319	382	9.0	24.3
BDT63095.1	BDU67577.1	21.905	105	75	2	119	218	362	464	0.042	28.9
BDT63095.1	BDU67754.1	50.000	18	9	0	65	82	131	148	0.39	25.4
BDT63095.1	BDU67746.1	26.415	106	61	3	1	93	2	103	0.60	25.4
BDT63095.1	BDU67819.1	27.451	51	29	3	90	132	73	123	1.7	23.5
BDT63096.1	BDU67410.1	33.333	48	31	1	183	230	133	179	0.41	26.2
BDT63096.1	BDU67449.1	26.230	61	35	1	95	155	435	485	1.8	23.9
BDT63096.1	BDU67790.1	32.143	28	19	0	189	216	39	66	2.4	23.9
BDT63096.1	BDU67532.1	27.778	36	21	1	163	193	243	278	2.9	23.5
BDT63096.1	BDU67709.1	27.869	61	38	2	150	210	45	99	3.6	23.1
BDT63096.1	BDU67397.1	34.783	46	21	2	197	233	264	309	3.7	23.1
BDT63096.1	BDU67366.1	33.333	30	17	1	158	187	327	353	4.0	22.7
BDT63096.1	BDU67469.1	28.000	50	36	0	34	83	43	92	6.7	21.9
BDT63096.1	BDU67419.1	60.000	15	6	0	46	60	246	260	7.6	21.9
BDT63096.1	BDU67524.1	39.286	28	17	0	215	242	579	606	9.8	21.9
BDT63098.1	BDU67570.1	29.310	58	38	1	761	818	3	57	5.1	23.1
BDT63098.1	BDU67774.1	29.167	48	27	1	14	61	258	298	5.5	24.6
BDT63099.1	BDU67646.1	29.268	41	27	1	199	237	298	338	3.8	23.5
BDT63099.1	BDU67820.1	53.333	15	7	0	110	124	6	20	6.5	22.3
BDT63100.1	BDU67635.1	32.432	37	18	1	74	110	260	289	2.9	21.9
BDT63100.1	BDU67757.1	29.032	62	40	2	56	117	27	84	3.0	21.6
BDT63100.1	BDU67459.1	33.333	30	18	1	75	102	155	184	7.9	20.8
BDT63101.1	BDU67711.1	40.000	30	18	0	30	59	2	31	0.22	24.6
BDT63101.1	BDU67554.1	28.846	52	37	0	189	240	374	425	2.7	23.9
BDT63101.1	BDU67656.1	50.000	16	8	0	187	202	346	361	3.0	23.5
BDT63101.1	BDU67422.1	30.000	30	21	0	119	148	84	113	3.4	23.5
BDT63102.1	BDU67784.1	23.810	63	42	1	110	172	121	177	0.078	27.3
BDT63102.1	BDU67524.1	36.000	25	16	0	140	164	385	409	4.0	22.7
BDT63102.1	BDU67623.1	40.909	22	13	0	16	37	80	101	5.2	21.6
BDT63102.1	BDU67668.1	47.368	19	10	0	162	180	41	59	5.3	21.9
BDT63103.1	BDU67380.1	53.333	15	7	0	38	52	319	333	4.2	20.4
BDT63103.1	BDU67389.1	35.135	37	20	1	39	71	73	109	4.4	20.0
BDT63103.1	BDU67434.1	42.857	14	8	0	47	60	96	109	4.9	20.0
BDT63103.1	BDU67413.1	25.000	20	15	0	59	78	56	75	6.1	19.6
BDT63103.1	BDU67816.1	40.909	22	13	0	1	22	402	423	7.5	19.6
BDT63104.1	BDU67717.1	41.860	43	21	2	1281	1321	366	406	0.93	27.7
BDT63104.1	BDU67640.1	32.394	71	41	3	1251	1320	33	97	6.5	25.0
BDT63104.1	BDU67783.1	25.397	63	33	2	145	207	52	100	8.6	23.9
BDT63105.1	BDU67797.1	30.000	100	50	4	702	783	103	200	0.042	31.2
BDT63105.1	BDU67875.1	27.273	121	59	5	903	1015	352	451	3.2	25.4
BDT63105.1	BDU67453.1	26.531	49	33	1	831	879	44	89	5.3	24.6
BDT63105.1	BDU67583.1	22.143	140	91	4	625	752	43	176	5.5	24.6
BDT63106.1	BDU67669.1	33.333	81	41	4	463	534	19	95	0.12	29.3
BDT63106.1	BDU67673.1	44.000	25	14	0	409	433	76	100	2.1	24.6
BDT63106.1	BDU67359.1	20.611	131	97	3	526	651	488	616	5.1	24.6
BDT63106.1	BDU67436.1	33.333	39	26	0	372	410	448	486	9.7	23.5
BDT63107.1	BDU67875.1	33.333	30	20	0	150	179	275	304	8.3	21.6
BDT63108.1	BDU67519.1	25.397	63	42	2	1	58	1	63	0.96	23.5
BDT63108.1	BDU67640.1	21.818	55	43	0	89	143	279	333	7.5	21.2
BDT63108.1	BDU67717.1	32.258	31	14	1	108	131	2	32	8.1	21.2
BDT63108.1	BDU67788.1	22.388	67	50	2	96	161	225	290	8.8	20.8
BDT63109.1	BDU67752.1	30.000	60	41	1	80	139	14	72	1.3	25.8
BDT63109.1	BDU67680.1	21.951	41	32	0	312	352	77	117	2.8	25.0
BDT63109.1	BDU67452.1	29.167	24	17	0	197	220	254	277	5.2	24.6
BDT63109.1	BDU67657.1	27.907	43	31	0	212	254	262	304	6.1	24.3
BDT63109.1	BDU67703.1	19.186	172	124	3	484	640	23	194	7.7	23.9
BDT63110.1	BDU67694.1	38.462	26	16	0	167	192	344	369	1.4	26.6
BDT63110.1	BDU67851.1	25.850	147	77	9	36	176	26	146	4.5	25.0
BDT63110.1	BDU67410.1	26.230	61	37	2	103	158	39	96	4.7	25.0
BDT63110.1	BDU67559.1	21.138	123	86	3	15	134	125	239	6.2	24.6
BDT63110.1	BDU67696.1	36.364	22	14	0	50	71	63	84	6.7	24.3
BDT63110.1	BDU67578.1	41.379	29	16	1	134	161	51	79	6.7	24.3
BDT63110.1	BDU67687.1	44.444	18	10	0	335	352	35	52	8.4	23.1
BDT63110.1	BDU67593.1	42.105	19	11	0	789	807	356	374	8.4	24.3
BDT63111.1	BDU67671.1	20.833	72	42	3	297	360	291	355	4.0	23.5
BDT63111.1	BDU67439.1	22.917	48	34	1	297	344	87	131	4.3	23.5
BDT63111.1	BDU67588.1	22.000	50	37	2	190	238	366	414	6.7	22.7
BDT63112.1	BDU67605.1	21.111	90	64	3	287	376	208	290	0.28	28.9
BDT63112.1	BDU67430.1	22.917	48	37	0	650	697	279	326	6.1	24.6
BDT63112.1	BDU67854.1	33.333	51	28	1	866	910	128	178	8.1	23.9
BDT63112.1	BDU67532.1	23.387	124	77	6	806	921	106	219	8.9	23.9
BDT63113.1	BDU67546.1	19.565	92	73	1	60	151	13	103	0.32	25.4
BDT63113.1	BDU67482.1	60.000	15	6	0	98	112	168	182	3.0	23.1
BDT63113.1	BDU67434.1	33.333	24	16	0	155	178	124	147	3.3	22.7
BDT63114.1	BDU67573.1	29.268	41	27	1	36	76	32	70	0.74	22.7
BDT63114.1	BDU67409.1	34.483	29	13	1	60	82	102	130	6.6	20.0
BDT63115.1	BDU67848.1	35.714	28	18	0	27	54	205	232	0.49	21.9
BDT63115.1	BDU67815.1	34.783	23	15	0	36	58	31	53	0.85	21.6
BDT63115.1	BDU67534.1	26.471	34	25	0	19	52	139	172	0.95	21.2
BDT63115.1	BDU67472.1	39.130	23	14	0	21	43	160	182	1.1	21.2
BDT63115.1	BDU67647.1	28.205	39	22	1	12	50	104	136	1.3	20.8
BDT63115.1	BDU67411.1	29.167	24	17	0	35	58	36	59	2.6	19.6
BDT63115.1	BDU67747.1	28.000	50	34	1	9	56	87	136	2.8	20.0
BDT63115.1	BDU67826.1	40.000	15	9	0	32	46	321	335	5.1	19.2
BDT63115.1	BDU67573.1	45.455	11	6	0	49	59	29	39	8.2	18.9
BDT63115.1	BDU67379.1	30.769	39	26	1	8	45	238	276	9.1	18.5
BDT63116.1	BDU67779.1	29.787	47	33	0	90	136	138	184	0.54	25.8
BDT63116.1	BDU67627.1	24.576	118	73	3	4	121	288	389	0.77	25.4
BDT63117.1	BDU67703.1	51.852	27	13	0	945	971	464	490	1.2	26.9
BDT63117.1	BDU67412.1	29.825	57	36	1	840	892	247	303	1.3	26.9
BDT63117.1	BDU67554.1	32.353	34	23	0	661	694	418	451	1.8	26.6
BDT63117.1	BDU67632.1	25.000	72	39	2	512	583	398	454	6.1	24.6
BDT63118.1	BDU67839.1	23.140	121	87	3	669	784	18	137	0.71	27.3
BDT63118.1	BDU67644.1	26.316	38	28	0	211	248	133	170	1.5	26.2
BDT63118.1	BDU67368.1	40.000	25	15	0	224	248	140	164	2.0	25.8
BDT63118.1	BDU67867.1	45.000	20	11	0	186	205	229	248	3.5	25.0
BDT63119.1	BDU67738.1	33.333	33	20	1	45	77	236	266	3.1	23.1
BDT63119.1	BDU67873.1	56.250	16	7	0	24	39	302	317	3.6	22.7
BDT63119.1	BDU67486.1	30.612	49	28	3	50	96	330	374	6.5	21.9
BDT63120.1	BDU67432.1	25.688	109	74	3	658	761	11	117	3.5	24.6
BDT63120.1	BDU67590.1	50.000	18	9	0	783	800	93	110	4.0	24.3
BDT63120.1	BDU67354.1	32.692	52	32	2	666	716	65	114	4.6	24.3
BDT63120.1	BDU67554.1	64.286	14	5	0	697	710	280	293	7.1	24.3
BDT63120.1	BDU67753.1	36.364	22	14	0	393	414	96	117	9.9	23.1
BDT63121.1	BDU67650.1	34.091	44	23	2	169	206	364	407	2.3	25.4
BDT63122.1	BDU67656.1	29.167	48	30	2	7	51	10	56	2.1	21.2
BDT63122.1	BDU67406.1	33.333	18	12	0	5	22	31	48	3.7	20.4
BDT63122.1	BDU67591.1	50.000	14	7	0	46	59	54	67	3.8	20.0
BDT63122.1	BDU67855.1	43.750	16	9	0	37	52	885	900	5.2	20.0
BDT63122.1	BDU67752.1	47.059	17	9	0	58	74	34	50	7.8	19.2
BDT63122.1	BDU67812.1	30.303	33	20	1	17	49	133	162	8.0	19.6
BDT63122.1	BDU67580.1	46.667	15	8	0	34	48	22	36	8.8	19.2
BDT63122.1	BDU67835.1	33.333	21	14	0	31	51	216	236	9.8	19.2
BDT63123.1	BDU67430.1	30.000	40	28	0	499	538	287	326	0.48	27.7
BDT63123.1	BDU67657.1	29.268	82	43	3	644	720	259	330	0.96	26.9
BDT63123.1	BDU67736.1	23.529	51	35	1	704	754	258	304	8.5	23.9
BDT63124.1	BDU67612.1	26.136	88	40	4	1545	1608	428	514	4.0	27.3
BDT63124.1	BDU67786.1	41.667	24	14	0	3503	3526	86	109	8.5	26.2
BDT63125.1	BDU67412.1	23.810	84	59	2	1729	1812	567	645	3.4	28.1
BDT63125.1	BDU67816.1	57.692	26	11	0	2640	2665	859	884	3.6	28.1
BDT63126.1	BDU67444.1	24.000	75	52	2	1	71	201	274	0.66	25.8
BDT63126.1	BDU67609.1	31.429	35	23	1	245	278	104	138	0.92	25.4
BDT63126.1	BDU67594.1	23.179	151	81	8	61	206	250	370	3.9	23.5
BDT63126.1	BDU67636.1	34.884	43	25	2	95	135	274	315	4.2	23.1
BDT63126.1	BDU67474.1	29.630	27	19	0	302	328	87	113	6.3	22.7
BDT63126.1	BDU67549.1	35.556	45	27	1	256	300	190	232	6.9	22.7
BDT63126.1	BDU67726.1	26.190	84	47	3	82	150	499	582	7.2	22.7
BDT63126.1	BDU67394.1	35.000	40	20	1	32	65	309	348	8.3	22.3
BDT63127.1	BDU67453.1	33.333	33	22	0	286	318	216	248	5.7	23.1
BDT63127.1	BDU67494.1	28.261	46	33	0	230	275	281	326	8.3	22.7
BDT63128.1	BDU67743.1	19.091	110	84	2	43	148	401	509	0.23	26.9
BDT63128.1	BDU67724.1	37.500	32	20	0	189	220	5	36	1.2	24.3
BDT63128.1	BDU67528.1	22.917	48	30	2	192	232	96	143	1.3	24.6
BDT63128.1	BDU67738.1	19.492	118	90	2	35	148	791	907	4.7	23.1
BDT63128.1	BDU67491.1	29.851	67	46	1	99	164	170	236	5.3	22.7
BDT63128.1	BDU67583.1	45.000	20	11	0	83	102	246	265	5.4	22.3
BDT63129.1	BDU67707.1	28.358	67	23	3	20	86	230	271	1.1	22.7
BDT63129.1	BDU67647.1	28.571	35	22	1	43	77	199	230	3.4	21.2
BDT63130.1	BDU67436.1	24.893	703	431	23	119	794	53	685	4.28e-43	161
BDT63130.1	BDU67554.1	34.694	49	20	1	112	160	471	507	0.14	29.6
BDT63130.1	BDU67532.1	25.000	108	58	5	702	787	263	369	1.9	25.8
BDT63130.1	BDU67430.1	28.571	77	46	2	66	137	481	553	2.1	25.8
BDT63130.1	BDU67855.1	42.105	19	11	0	347	365	108	126	2.8	25.4
BDT63130.1	BDU67869.1	36.364	44	26	1	45	88	124	165	3.0	24.6
BDT63130.1	BDU67432.1	25.532	94	67	2	58	150	7	98	3.5	24.6
BDT63130.1	BDU67784.1	31.579	57	35	2	100	155	18	71	3.9	24.6
BDT63130.1	BDU67609.1	23.881	67	47	3	332	394	22	88	4.0	25.0
BDT63130.1	BDU67866.1	28.000	50	26	2	43	88	311	354	6.3	24.3
BDT63130.1	BDU67593.1	38.636	44	26	1	237	280	35	77	6.8	24.3
BDT63130.1	BDU67703.1	27.907	86	47	4	95	173	103	180	7.0	24.3
BDT63130.1	BDU67606.1	25.962	104	63	3	101	190	572	675	7.2	24.3
BDT63130.1	BDU67418.1	47.826	23	8	1	413	431	355	377	8.7	23.9
BDT63130.1	BDU67726.1	34.375	32	21	0	57	88	259	290	9.2	23.9
BDT63131.1	BDU67615.1	42.105	19	11	0	18	36	120	138	2.2	20.8
BDT63131.1	BDU67486.1	50.000	18	9	0	40	57	115	132	3.0	20.4
BDT63131.1	BDU67494.1	35.000	20	13	0	4	23	315	334	3.9	20.0
BDT63131.1	BDU67439.1	47.826	23	12	0	30	52	630	652	4.1	20.0
BDT63131.1	BDU67835.1	36.000	25	16	0	14	38	120	144	5.6	19.6
BDT63131.1	BDU67857.1	55.556	18	5	1	57	71	190	207	6.3	19.6
BDT63131.1	BDU67461.1	37.500	32	17	1	16	47	103	131	8.8	19.2
BDT63131.1	BDU67873.1	50.000	16	8	0	10	25	23	38	9.3	19.2
BDT63132.1	BDU67793.1	22.388	67	52	0	282	348	105	171	5.9	23.9
BDT63132.1	BDU67633.1	31.034	29	20	0	236	264	157	185	8.8	23.5
BDT63133.1	BDU67816.1	36.364	44	26	1	696	737	109	152	0.70	28.9
BDT63133.1	BDU67865.1	23.729	59	39	2	1025	1082	15	68	4.4	25.8
BDT63133.1	BDU67815.1	36.170	47	21	2	1085	1129	334	373	6.0	25.8
BDT63134.1	BDU67754.1	32.558	43	29	0	176	218	7	49	6.2	23.5
BDT63134.1	BDU67516.1	52.941	17	8	0	51	67	128	144	7.7	23.9
BDT63134.1	BDU67834.1	45.455	22	12	0	598	619	199	220	9.2	23.5
BDT63135.1	BDU67388.1	26.582	79	49	3	313	391	23	92	0.70	26.2
BDT63135.1	BDU67572.1	29.268	41	29	0	241	281	335	375	1.5	25.0
BDT63135.1	BDU67418.1	30.556	72	46	1	250	317	384	455	2.7	24.3
BDT63135.1	BDU67847.1	22.500	40	28	1	314	350	335	374	4.8	23.5
BDT63135.1	BDU67397.1	25.472	106	64	5	316	421	404	494	7.9	22.7
BDT63135.1	BDU67430.1	25.000	84	58	2	182	260	462	545	9.7	22.7
BDT63136.1	BDU67864.1	26.374	91	58	3	741	829	36	119	1.7	26.2
BDT63136.1	BDU67606.1	28.736	87	49	4	319	398	134	214	3.9	25.4
BDT63136.1	BDU67627.1	25.806	31	23	0	840	870	358	388	5.1	25.0
BDT63136.1	BDU67818.1	35.294	34	18	2	838	871	74	103	7.3	23.9
BDT63136.1	BDU67397.1	38.095	21	13	0	199	219	437	457	7.6	24.3
BDT63136.1	BDU67851.1	40.476	42	20	2	817	853	50	91	8.1	23.9
BDT63136.1	BDU67564.1	27.586	58	34	2	405	454	4	61	8.9	23.9
BDT63137.1	BDU67437.1	21.918	292	192	11	138	410	31	305	2.52e-08	49.7
BDT63137.1	BDU67418.1	30.233	86	39	5	237	314	151	223	4.0	23.9
BDT63137.1	BDU67652.1	38.235	34	20	1	231	264	121	153	4.7	23.5
BDT63137.1	BDU67525.1	25.758	66	42	3	121	185	31	90	5.5	23.1
BDT63137.1	BDU67662.1	29.545	44	30	1	161	204	5	47	9.4	22.3
BDT63137.1	BDU67691.1	24.658	73	47	1	69	141	29	93	9.6	22.3
BDT63137.1	BDU67450.1	58.824	17	6	1	409	424	162	178	9.7	22.7
BDT63138.1	BDU67670.1	47.826	23	12	0	53	75	416	438	5.4	25.8
BDT63139.1	BDU67713.1	27.778	72	48	2	779	846	214	285	0.023	32.3
BDT63139.1	BDU67385.1	27.907	43	28	1	698	740	4	43	6.2	22.7
BDT63139.1	BDU67809.1	40.000	25	15	0	313	337	92	116	7.6	24.3
BDT63140.1	BDU67815.1	23.333	60	46	0	211	270	708	767	0.54	28.1
BDT63140.1	BDU67868.1	23.214	56	43	0	522	577	94	149	2.4	25.8
BDT63140.1	BDU67676.1	35.484	31	20	0	874	904	37	67	4.5	23.9
BDT63140.1	BDU67357.1	25.000	32	24	0	560	591	397	428	7.1	24.3
BDT63141.1	BDU67593.1	27.692	65	46	1	724	788	88	151	0.28	29.3
BDT63141.1	BDU67624.1	32.609	46	24	1	363	408	22	60	1.6	26.2
BDT63141.1	BDU67566.1	34.211	38	22	1	194	228	61	98	2.8	24.6
BDT63141.1	BDU67782.1	39.024	41	22	1	1070	1107	135	175	3.7	25.4
BDT63141.1	BDU67678.1	24.658	73	51	1	226	294	63	135	4.7	25.0
BDT63141.1	BDU67555.1	37.143	35	17	1	649	683	274	303	6.6	24.6
BDT63141.1	BDU67771.1	28.235	85	41	5	430	511	23	90	8.7	23.9
BDT63142.1	BDU67774.1	30.769	39	21	1	257	295	363	395	0.11	28.1
BDT63142.1	BDU67412.1	27.536	69	43	2	53	114	81	149	0.73	25.8
BDT63142.1	BDU67656.1	26.562	64	38	1	152	206	54	117	2.0	24.3
BDT63142.1	BDU67481.1	27.273	33	16	1	281	313	56	80	2.7	23.5
BDT63142.1	BDU67713.1	57.143	14	6	0	206	219	141	154	3.2	23.5
BDT63142.1	BDU67358.1	22.892	83	61	2	175	256	452	532	3.8	23.5
BDT63142.1	BDU67606.1	50.000	24	11	1	245	268	26	48	4.0	23.5
BDT63142.1	BDU67750.1	25.000	40	29	1	195	234	619	657	4.2	23.1
BDT63143.1	BDU67502.1	29.032	31	20	1	54	84	120	148	0.95	23.5
BDT63143.1	BDU67516.1	34.286	35	22	1	19	52	251	285	2.2	22.7
BDT63143.1	BDU67732.1	28.571	35	23	1	3	35	166	200	4.0	21.6
BDT63143.1	BDU67578.1	33.333	36	24	0	79	114	110	145	7.2	20.8
BDT63144.1	BDU67404.1	22.807	57	40	2	175	227	271	327	5.5	23.5
BDT63144.1	BDU67800.1	35.294	17	11	0	186	202	16	32	8.6	21.6
BDT63145.1	BDU67554.1	23.913	46	35	0	187	232	212	257	3.8	23.5
BDT63145.1	BDU67762.1	58.824	17	7	0	13	29	55	71	9.6	21.6
BDT63146.1	BDU67412.1	41.667	24	14	0	13	36	580	603	1.1	23.5
BDT63146.1	BDU67808.1	32.143	28	19	0	41	68	337	364	5.2	21.2
BDT63146.1	BDU67716.1	33.333	21	14	0	96	116	20	40	7.1	20.4
BDT63146.1	BDU67366.1	26.667	30	22	0	99	128	35	64	9.2	20.4
BDT63147.1	BDU67544.1	26.087	23	17	0	567	589	128	150	9.1	23.9
BDT63148.1	BDU67476.1	33.333	33	22	0	460	492	76	108	4.3	25.0
BDT63148.1	BDU67696.1	27.778	36	26	0	781	816	62	97	7.7	24.6
BDT63149.1	BDU67856.1	26.752	157	70	8	7	137	315	452	0.28	26.9
BDT63149.1	BDU67574.1	25.000	64	43	2	131	193	168	227	1.8	24.3
BDT63149.1	BDU67459.1	37.931	29	16	1	192	220	392	418	8.4	22.3
BDT63149.1	BDU67348.1	32.653	49	26	2	216	264	298	339	8.6	21.9
BDT63149.1	BDU67793.1	21.429	56	42	1	63	118	273	326	8.7	21.9
BDT63150.1	BDU67574.1	47.826	23	12	0	96	118	445	467	2.3	26.6
BDT63150.1	BDU67462.1	45.161	31	11	1	336	366	50	74	7.3	24.3
BDT63151.1	BDU67523.1	35.556	45	24	1	133	172	253	297	4.0	22.7
BDT63151.1	BDU67750.1	36.667	30	19	0	130	159	427	456	9.9	21.2
BDT63152.1	BDU67627.1	29.630	54	37	1	73	126	192	244	0.58	25.8
BDT63152.1	BDU67568.1	24.561	57	42	1	206	261	261	317	8.2	21.9
BDT63152.1	BDU67808.1	40.625	32	17	1	163	192	406	437	9.5	21.9
BDT63153.1	BDU67754.1	30.952	42	29	0	134	175	15	56	1.3	23.9
BDT63153.1	BDU67847.1	29.787	47	33	0	29	75	189	235	2.5	23.5
BDT63153.1	BDU67683.1	38.889	18	11	0	22	39	37	54	4.0	22.3
BDT63153.1	BDU67419.1	46.154	26	13	1	15	40	180	204	5.6	22.3
BDT63153.1	BDU67797.1	25.714	35	25	1	151	184	251	285	9.7	21.6
BDT63154.1	BDU67558.1	38.235	34	21	0	1117	1150	150	183	2.5	26.6
BDT63154.1	BDU67580.1	33.333	48	30	1	997	1044	207	252	7.3	24.6
BDT63155.1	BDU67348.1	22.000	50	39	0	63	112	312	361	0.35	26.6
BDT63155.1	BDU67802.1	33.333	27	18	0	213	239	121	147	1.4	25.0
BDT63156.1	BDU67649.1	26.667	45	33	0	675	719	210	254	3.1	25.4
BDT63156.1	BDU67554.1	35.714	28	18	0	734	761	205	232	7.6	24.3
BDT63157.1	BDU67598.1	33.333	60	36	2	44	102	162	218	1.2	23.5
BDT63157.1	BDU67353.1	29.032	31	19	1	70	100	193	220	3.9	21.9
BDT63157.1	BDU67836.1	50.000	16	8	0	23	38	50	65	8.8	20.8
BDT63157.1	BDU67502.1	47.368	19	10	0	21	39	180	198	9.4	20.8
BDT63158.1	BDU67401.1	32.000	50	26	1	86	127	117	166	0.70	26.2
BDT63158.1	BDU67700.1	30.000	30	21	0	276	305	157	186	5.2	23.1
BDT63158.1	BDU67794.1	33.333	21	14	0	287	307	84	104	8.8	22.7
BDT63159.1	BDU67433.1	22.059	68	50	1	19	83	187	254	2.1	24.6
BDT63159.1	BDU67841.1	41.667	24	14	0	142	165	315	338	2.8	24.3
BDT63160.1	BDU67654.1	31.343	67	41	1	550	616	32	93	0.48	27.3
BDT63161.1	BDU67844.1	38.095	21	13	0	709	729	265	285	5.3	24.3
BDT63162.1	BDU67681.1	35.897	39	21	1	198	236	91	125	0.59	28.1
BDT63162.1	BDU67590.1	35.185	54	31	1	1049	1098	125	178	0.60	27.7
BDT63162.1	BDU67458.1	36.364	33	20	1	1058	1089	362	394	0.97	27.3
BDT63162.1	BDU67356.1	32.258	31	21	0	533	563	103	133	5.1	24.6
