[losat-wasi-threads] shared-memory guards: 126 fills, 1233 copies
[losat-wasi-event] {"event":"spawn_attempt","at_ms":105.108157,"tid":1,"attempt":1}
[losat-wasi-event] {"event":"spawned","at_ms":107.312707,"tid":1}
[losat-wasi-threads] worker boot tid=1
[losat-wasi-threads] worker instantiate tid=1 start_arg=2506184
[losat-wasi-threads] worker start tid=1
[losat-wasi-event] {"event":"ready","at_ms":152.242419,"tid":1}
[losat-wasi-event] {"event":"spawn_attempt","at_ms":152.417511,"tid":2,"attempt":2}
[losat-wasi-event] {"event":"spawned","at_ms":152.903034,"tid":2}
[losat-wasi-threads] worker boot tid=2
[losat-wasi-threads] worker instantiate tid=2 start_arg=3555560
[losat-wasi-threads] worker start tid=2
[losat-wasi-event] {"event":"ready","at_ms":193.882817,"tid":2}
[losat-wasi-event] {"event":"spawn_attempt","at_ms":194.499352,"tid":3,"attempt":3}
[losat-wasi-event] {"event":"spawned","at_ms":195.168218,"tid":3}
[losat-wasi-threads] worker boot tid=3
[losat-wasi-threads] worker instantiate tid=3 start_arg=4604936
[losat-wasi-threads] worker start tid=3
[losat-wasi-event] {"event":"ready","at_ms":236.032612,"tid":3}
[losat-wasi-event] {"event":"spawn_attempt","at_ms":236.245349,"tid":4,"attempt":4}
[losat-wasi-event] {"event":"spawned","at_ms":236.730754,"tid":4}
[losat-wasi-threads] worker boot tid=4
[losat-wasi-threads] worker instantiate tid=4 start_arg=5654312
[losat-wasi-threads] worker start tid=4
[losat-wasi-event] {"event":"ready","at_ms":275.107678,"tid":4}
[losat-wasi-event] {"event":"spawn_attempt","at_ms":275.262192,"tid":5,"attempt":5}
[losat-wasi-event] {"event":"spawned","at_ms":275.795735,"tid":5}
[losat-wasi-threads] worker boot tid=5
[losat-wasi-threads] worker instantiate tid=5 start_arg=6703688
[losat-wasi-threads] worker start tid=5
[losat-wasi-event] {"event":"ready","at_ms":314.722015,"tid":5}
[losat-wasi-event] {"event":"spawn_attempt","at_ms":315.003022,"tid":6,"attempt":6}
[losat-wasi-event] {"event":"spawned","at_ms":315.417014,"tid":6}
[losat-wasi-threads] worker boot tid=6
[losat-wasi-threads] worker instantiate tid=6 start_arg=7753064
[losat-wasi-threads] worker start tid=6
[losat-wasi-event] {"event":"ready","at_ms":356.892683,"tid":6}
[losat-wasi-event] {"event":"spawn_attempt","at_ms":357.110625,"tid":7,"attempt":7}
[losat-wasi-event] {"event":"spawned","at_ms":357.598061,"tid":7}
[losat-wasi-threads] worker boot tid=7
[losat-wasi-threads] worker instantiate tid=7 start_arg=8802440
[losat-wasi-threads] worker start tid=7
[losat-wasi-event] {"event":"ready","at_ms":400.127979,"tid":7}
[losat-wasi-event] {"event":"spawn_attempt","at_ms":400.320495,"tid":8,"attempt":8}
[losat-wasi-event] {"event":"spawned","at_ms":400.75079,"tid":8}
[losat-wasi-threads] worker boot tid=8
[losat-wasi-threads] worker instantiate tid=8 start_arg=9851816
[losat-wasi-threads] worker start tid=8
[losat-wasi-event] {"event":"ready","at_ms":441.411645,"tid":8}
[losat-thread-pool] program=blastn requested_threads=8 pool_threads=8 caller_participates=false measured_activity=null
[losat-thread-stage] program=blastn stage=subjects work_items=1 parallel_selected=false measured_activity=null
[losat-thread-stage] program=blastn stage=subject_chunks work_items=1 parallel_selected=false measured_activity=null
[losat-thread-stage] program=blastn stage=dp_traceback_max_batch work_items=16 parallel_selected=true measured_activity=null
[DP-DIAGNOSTIC] subject=0 consumed=250 fallback=0 scratch_count=8 scratch_creation_seconds=0.000052562 scratch_initial=[9600, 9600, 9600, 9600, 9600, 9600, 9600, 9600] scratch_final=[1631831, 2705202, 2146069, 1676193, 1052335, 1101401, 1828945, 2567191] batches=[(0, 16, 0.065938689, [(2, (0, 0.05019288, 0.000176631, 0.050370023)), (2, (1, 0.055388199, 0.000269047, 0.055657835)), (2, (2, 0.032497662, 0.000297769, 0.032796239)), (2, (3, 0.041076874, 0.000304476, 0.041381914)), (2, (4, 0.049945846, 0.000251114, 0.05019767)), (2, (5, 0.044402117, 0.000292147, 0.044694842)), (2, (6, 0.052806806, 0.000257216, 0.053064583)), (2, (7, 0.065441869, 0.000332193, 0.065774711))]), (16, 14, 0.010633334, [(2, (0, 0.002306714, 1.5075e-5, 0.002322089)), (2, (1, 0.010526339, 7.3562e-5, 0.010600453)), (2, (2, 0.007418166, 6.2563e-5, 0.007481162)), (2, (3, 0.002994183, 0.000180297, 0.00317493)), (2, (4, 0.002574793, 4.4473e-5, 0.00261959)), (2, (5, 0.003750231, 0.000127347, 0.003878067)), (1, (6, 0.00124157, 9.0618e-5, 0.001332662)), (1, (7, 0.005780819, 0.00039755, 0.006179443))]), (32, 7, 0.00584062, [(1, (0, 0.00098828, 1.3823e-5, 0.001002413)), (1, (1, 0.002889579, 0.000104934, 0.00299493)), (1, (2, 0.000604782, 5.292e-5, 0.00065797)), (1, (3, 0.000551827, 7.0444e-5, 0.000622624)), (1, (4, 0.002048827, 3.5158e-5, 0.002084413)), (1, (5, 0.000781101, 0.000113678, 0.00089505)), (1, (6, 0.005743818, 3.7527e-5, 0.005781741)), (0, (7, 1.89e-7, 0.00012352, 0.000124105))]), (48, 7, 0.001953877, [(1, (0, 0.000788421, 1.261e-5, 0.000801464)), (1, (1, 0.001129246, 1.6993e-5, 0.001146602)), (1, (2, 0.001875247, 4.6037e-5, 0.001921706)), (1, (3, 0.001589295, 5.5459e-5, 0.001645249)), (1, (4, 0.000561415, 7.1596e-5, 0.000633541)), (1, (5, 0.000475081, 7.2995e-5, 0.00054852)), (1, (6, 0.001686569, 7.2641e-5, 0.001759625)), (0, (7, 1.73e-7, 7.7232e-5, 7.7773e-5))]), (64, 6, 0.002688714, [(1, (0, 0.000705157, 1.1459e-5, 0.000716918)), (1, (1, 0.000711359, 6.1085e-5, 0.000772738)), (1, (2, 0.000552908, 2.6485e-5, 0.00057969)), (1, (3, 0.002546975, 7.6451e-5, 0.002623714)), (1, (4, 0.002425648, 4.7031e-5, 0.002473053)), (1, (5, 0.000383537, 9.7492e-5, 0.000481174)), (0, (6, 1.81e-7, 9.4734e-5, 9.5255e-5)), (0, (7, 7.5e-8, 9.6448e-5, 9.6639e-5))]), (80, 4, 0.000856498, [(1, (0, 0.000454983, 1.3235e-5, 0.000468515)), (1, (1, 0.000347049, 4.7313e-5, 0.000394466)), (1, (2, 0.000800249, 2.9982e-5, 0.000830586)), (1, (3, 0.00069341, 8.03e-5, 0.000774072)), (0, (4, 2.05e-7, 4.4279e-5, 4.4815e-5)), (0, (5, 8.3e-8, 4.5511e-5, 4.5733e-5)), (0, (6, 7.8e-8, 4.5999e-5, 4.6196e-5)), (0, (7, 7.7e-8, 4.6344e-5, 4.6526e-5))]), (96, 6, 0.005740189, [(1, (0, 0.005734238, 3.679e-6, 0.005738152)), (1, (1, 0.001390495, 8.1403e-5, 0.001472228)), (1, (2, 0.000939656, 6.3001e-5, 0.001002889)), (1, (3, 0.000831193, 8.6644e-5, 0.000918082)), (1, (4, 0.000506865, 3.2314e-5, 0.000539474)), (1, (5, 0.000782113, 5.201e-5, 0.000834275)), (0, (6, 1.64e-7, 5.0116e-5, 5.0676e-5)), (0, (7, 9.6e-8, 5.1304e-5, 5.1519e-5))]), (112, 3, 0.006449463, [(1, (0, 0.000341583, 1.5547e-5, 0.000357377)), (1, (1, 0.006143559, 6.4901e-5, 0.006208921)), (1, (2, 0.006382195, 4.7238e-5, 0.006429642)), (0, (3, 1.74e-7, 0.000121631, 0.000122232)), (0, (4, 1.69e-7, 4.3946e-5, 4.4483e-5)), (0, (5, 6.9e-8, 4.5136e-5, 4.5318e-5)), (0, (6, 7.9e-8, 4.5609e-5, 4.5788e-5)), (0, (7, 7e-8, 4.5938e-5, 4.6108e-5))]), (128, 8, 0.001805405, [(1, (0, 0.001775292, 2.8056e-5, 0.001803638)), (1, (1, 0.001107048, 6.4043e-5, 0.001171443)), (1, (2, 0.001185669, 9.12e-5, 0.001277287)), (1, (3, 0.001083555, 0.000104376, 0.001188332)), (1, (4, 0.000497239, 7.3337e-5, 0.000570803)), (1, (5, 0.001103799, 9.7132e-5, 0.001201387)), (1, (6, 0.000453489, 9.124e-5, 0.000544962)), (1, (7, 0.000218077, 0.000143345, 0.000361807))]), (144, 3, 0.000514711, [(1, (0, 0.000500551, 1.2771e-5, 0.000513629)), (1, (1, 0.000277691, 5.7073e-5, 0.000335069)), (1, (2, 0.000238383, 4.1179e-5, 0.000279663)), (0, (3, 1.62e-7, 9.11e-5, 9.1538e-5)), (0, (4, 1.66e-7, 3.8191e-5, 3.8618e-5)), (0, (5, 8.7e-8, 3.9144e-5, 3.933e-5)), (0, (6, 7.2e-8, 3.9638e-5, 3.9812e-5)), (0, (7, 7.2e-8, 3.9944e-5, 4.0116e-5))]), (160, 3, 0.000557314, [(1, (0, 0.000498657, 1.0482e-5, 0.000509374)), (1, (1, 0.000364572, 8.744e-5, 0.000452154)), (1, (2, 0.000504829, 2.7336e-5, 0.00053229)), (0, (3, 1.97e-7, 8.3525e-5, 8.3967e-5)), (0, (4, 1.23e-7, 2.4807e-5, 2.5128e-5)), (0, (5, 8.5e-8, 2.5418e-5, 2.5621e-5)), (0, (6, 8.5e-8, 2.5895e-5, 2.6097e-5)), (0, (7, 7.3e-8, 2.6246e-5, 2.6436e-5))]), (176, 5, 0.000663166, [(1, (0, 0.000499007, 1.8164e-5, 0.000517412)), (1, (1, 0.000354872, 2.6722e-5, 0.000381806)), (1, (2, 0.000527295, 5.2792e-5, 0.000580476)), (1, (3, 0.000349881, 5.0336e-5, 0.000400323)), (1, (4, 0.000194562, 3.4206e-5, 0.000228999)), (0, (5, 7.5e-8, 4.6034e-5, 4.622e-5)), (0, (6, 1.97e-7, 4.4164e-5, 4.4675e-5)), (0, (7, 7.6e-8, 4.5221e-5, 4.54e-5))]), (192, 5, 0.00045036, [(1, (0, 0.0004262, 7.923e-6, 0.000434353)), (1, (1, 0.000342199, 3.5165e-5, 0.000377638)), (1, (2, 0.000194416, 2.5723e-5, 0.000220488)), (1, (3, 0.000347407, 6.3196e-5, 0.000410708)), (1, (4, 0.000345965, 7.049e-6, 0.000353255)), (0, (5, 4.97e-7, 0.000162769, 0.000164465)), (0, (6, 2.08e-7, 6.1015e-5, 6.1551e-5)), (0, (7, 7.4e-8, 6.2215e-5, 6.2392e-5))]), (208, 5, 0.005818547, [(1, (0, 0.000595617, 3.919e-6, 0.000599746)), (1, (1, 0.000301188, 3.7008e-5, 0.00033851)), (1, (2, 0.000494352, 6.062e-6, 0.000500702)), (1, (3, 0.005744303, 1.8492e-5, 0.005763054)), (1, (4, 0.000234494, 7.152e-6, 0.000241936)), (0, (5, 7.4e-8, 5.4474e-5, 5.4671e-5)), (0, (6, 1.74e-7, 5.2765e-5, 5.3186e-5)), (0, (7, 7.3e-8, 5.3619e-5, 5.3792e-5))]), (224, 8, 0.0004711, [(1, (0, 0.000253532, 1.2789e-5, 0.000266627)), (1, (1, 0.000382739, 1.6601e-5, 0.000399729)), (1, (2, 0.000242446, 7.7656e-5, 0.000320319)), (1, (3, 0.000210182, 9.9236e-5, 0.000309847)), (1, (4, 0.000188659, 5.0587e-5, 0.00023954)), (1, (5, 0.000279311, 7.4888e-5, 0.000354545)), (1, (6, 0.000228692, 7.7134e-5, 0.000306142)), (1, (7, 0.000282644, 8.3797e-5, 0.00036667))]), (240, 9, 0.006138813, [(2, (0, 0.000826892, 4.1721e-5, 0.000868898)), (1, (1, 0.000280389, 7.1751e-5, 0.00035242)), (1, (2, 0.000421803, 0.000110781, 0.000532895)), (1, (3, 0.005943441, 0.000110749, 0.006054691)), (1, (4, 0.000190079, 1.5394e-5, 0.000208675)), (1, (5, 0.000154233, 5.5435e-5, 0.000209893)), (1, (6, 0.000423908, 2.9608e-5, 0.000453714)), (1, (7, 0.000167173, 9.3615e-5, 0.000261081))]), (256, 7, 0.000666422, [(1, (0, 0.00066011, 4.712e-6, 0.000665065)), (1, (1, 0.000376551, 6.8616e-5, 0.00044548)), (1, (2, 0.000353847, 4.2485e-5, 0.000396731)), (1, (3, 0.000369535, 8.7857e-5, 0.0004578)), (1, (4, 0.000450386, 8.918e-6, 0.000459602)), (1, (5, 0.000271462, 0.000113542, 0.000385397)), (1, (6, 0.000373445, 3.8019e-5, 0.000412627)), (0, (7, 2.22e-7, 0.000122681, 0.000123355))]), (272, 9, 0.002771169, [(2, (0, 0.002754596, 1.383e-5, 0.002768817)), (1, (1, 0.000301367, 5.8777e-5, 0.000360416)), (1, (2, 0.000146139, 4.8649e-5, 0.000195055)), (1, (3, 0.000140201, 0.000195424, 0.000335735)), (1, (4, 0.000346923, 3.1929e-5, 0.000379118)), (1, (5, 0.000521668, 0.000150306, 0.000672234)), (1, (6, 0.000210782, 7.6612e-5, 0.000287672)), (1, (7, 0.000149825, 9.4688e-5, 0.000244822))]), (288, 8, 0.000918347, [(1, (0, 0.000168958, 1.3193e-5, 0.000182469)), (1, (1, 0.00025689, 9.9271e-5, 0.000356561)), (1, (2, 0.000800572, 8.0474e-5, 0.00088153)), (1, (3, 0.000175461, 0.000179869, 0.000355629)), (1, (4, 0.000119694, 5.7248e-5, 0.000177206)), (1, (5, 0.000283186, 0.000166061, 0.000449739)), (1, (6, 0.000316361, 0.000128747, 0.000445406)), (1, (7, 0.000132161, 0.000178248, 0.000310521))]), (304, 12, 0.002113792, [(2, (0, 0.000294546, 9.241e-6, 0.000303963)), (2, (1, 0.001975555, 0.000104132, 0.002084339)), (2, (2, 0.000336981, 7.6168e-5, 0.000413383)), (2, (3, 0.001649081, 0.000228214, 0.001877612)), (1, (4, 0.000201062, 1.1394e-5, 0.000212732)), (1, (5, 0.000282171, 0.000213136, 0.000495489)), (1, (6, 0.000557348, 0.000142599, 0.000700233)), (1, (7, 9.7666e-5, 0.000211695, 0.000309614))]), (320, 16, 0.005875635, [(2, (0, 0.000241604, 3.462e-6, 0.000245272)), (2, (1, 0.00576953, 7.4254e-5, 0.005844219)), (2, (2, 0.000355818, 5.7211e-5, 0.000413242)), (2, (3, 0.000288228, 5.7167e-5, 0.000345628)), (2, (4, 0.000272047, 2.3344e-5, 0.000295682)), (2, (5, 0.000239488, 9.0141e-5, 0.0003299)), (2, (6, 0.000175029, 3.8727e-5, 0.000214112)), (2, (7, 0.000252732, 0.000104913, 0.00035794))]), (336, 14, 0.006073143, [(2, (0, 0.000338044, 1.5574e-5, 0.000353914)), (2, (1, 0.005951716, 6.9948e-5, 0.006022308)), (2, (2, 0.000228867, 3.5021e-5, 0.000264293)), (2, (3, 0.000266874, 9.9623e-5, 0.000366842)), (2, (4, 0.000333672, 5.029e-5, 0.000384247)), (2, (5, 0.002705515, 0.000138297, 0.00284438)), (1, (6, 0.000112317, 8.4504e-5, 0.000197134)), (1, (7, 0.000100747, 0.000121012, 0.000222105))]), (352, 15, 0.000876573, [(2, (0, 0.000254832, 1.4342e-5, 0.000269439)), (2, (1, 0.000474306, 0.000108473, 0.000583108)), (2, (2, 0.000219312, 2.9404e-5, 0.000248995)), (2, (3, 0.000246822, 0.000122891, 0.000370102)), (2, (4, 0.000198951, 5.0403e-5, 0.00024974)), (2, (5, 0.000162861, 0.000151632, 0.000314807)), (2, (6, 0.000301232, 0.000136788, 0.000438365)), (1, (7, 0.000568285, 0.000205106, 0.000774179))]), (368, 16, 0.000934776, [(2, (0, 0.000194001, 1.2431e-5, 0.000206753)), (2, (1, 0.00085154, 5.2679e-5, 0.000904504)), (2, (2, 0.000216058, 4.1213e-5, 0.000257545)), (2, (3, 0.000235862, 0.000134403, 0.000370562)), (2, (4, 0.000194738, 2.8504e-5, 0.000223579)), (2, (5, 0.000220879, 0.000120303, 0.000341487)), (2, (6, 0.000396956, 0.000105169, 0.0005024)), (2, (7, 0.000331725, 0.000148075, 0.000480087))]), (384, 16, 0.001185807, [(2, (0, 0.000258719, 1.2954e-5, 0.000271932)), (2, (1, 0.000258444, 6.243e-5, 0.000321096)), (2, (2, 0.000249656, 3.1093e-5, 0.000281105)), (2, (3, 0.000972179, 0.000162535, 0.001135013)), (2, (4, 0.000228621, 4.3824e-5, 0.000272704)), (2, (5, 0.000227789, 0.000206071, 0.000434229)), (2, (6, 0.000302729, 0.000188298, 0.000491446)), (2, (7, 0.000382734, 0.000219741, 0.000602874))]), (400, 16, 0.000466671, [(2, (0, 0.000226688, 8.054e-6, 0.000234975)), (2, (1, 0.000208696, 3.821e-5, 0.000247127)), (2, (2, 0.00022423, 2.2311e-5, 0.000246783)), (2, (3, 0.000208073, 7.2161e-5, 0.000280496)), (2, (4, 0.000249147, 9.626e-6, 0.000259057)), (2, (5, 0.000223538, 0.000192089, 0.000416017)), (2, (6, 0.000198291, 0.000131846, 0.000330424)), (2, (7, 0.000182713, 0.000145747, 0.000328698))]), (416, 15, 0.000599392, [(2, (0, 0.000323879, 0.000206294, 0.000530612)), (2, (1, 0.000350446, 0.000204587, 0.000555172)), (2, (2, 0.000219379, 5.5053e-5, 0.000274669)), (2, (3, 0.000191484, 0.000102042, 0.000293893)), (2, (4, 0.000203897, 2.7512e-5, 0.000231699)), (2, (5, 0.000204212, 6.9802e-5, 0.000274237)), (2, (6, 0.000243411, 4.1265e-5, 0.00028496)), (1, (7, 0.000117114, 8.4114e-5, 0.00020145))]), (432, 7, 0.000297401, [(1, (0, 9.6855e-5, 4.258e-6, 0.000101306)), (1, (1, 0.000114626, 8.8524e-5, 0.000203343)), (1, (2, 9.8115e-5, 1.5142e-5, 0.000113469)), (1, (3, 9.8126e-5, 0.000104459, 0.000202688)), (1, (4, 6.6924e-5, 3.3021e-5, 0.000100191)), (1, (5, 0.000107244, 0.000100625, 0.000207996)), (1, (6, 0.000130273, 0.000103896, 0.000234402)), (0, (7, 1.29e-7, 0.000114322, 0.000114551))])]
[TIMING] scan_lookup: 0.021s (calls=1)
[TIMING] ungapped_extend: 0.007s (calls=43117)
[TIMING] gapped_extend: 0.030s (calls=2339)
[TIMING] traceback_prune: 0.720s (calls=2)
[TIMING] traceback_sort_prelim: 0.000s
[TIMING] traceback_tree_precheck: 0.000s
[TIMING] traceback_start_offsets: 0.000s
[TIMING] traceback_alignment: 0.000s (dp=0.000s greedy=0.000s)
[TIMING] traceback_hsp_build: 0.000s
[TIMING] purge_common_endpoint_pass1: 0.001s
[TIMING] reevaluate_ambiguities: 0.000s
[TIMING] identity_length_test: 0.000s
[TIMING] purge_common_endpoint_pass2: 0.000s
[TIMING] traceback_score_resort: 0.000s
[TIMING] traceback_final_tree_contains: 0.000s
[TIMING] traceback_final_tree_add: 0.000s
[TIMING] traceback_postprocess: 0.000s
[TIMING] traceback_counts: prelim=439 tree_skipped=189 full_traceback=250 deleted_evalue_cutoff=0 deleted_reevaluation=0 deleted_identity_length=0 endpoint_pass1_removed=8 endpoint_pass2_removed=1 final_tree_removed=0
[TIMING] traceback_lengths: edit_script_samples=250 edit_script_max=291 edit_script_median=3.0 alignment_samples=250 alignment_max=12777 alignment_median=103.5
[TIMING] format_output: 0.004s (calls=1)
[TIMING] search_total: 0.800s
[TIMING] total: 0.882s
[losat-wasi-threads] worker done tid=2
[losat-wasi-threads] worker done tid=6
[losat-wasi-threads] worker done tid=3
[losat-wasi-threads] worker done tid=4
[losat-wasi-threads] worker done tid=5
[losat-wasi-threads] worker done tid=1
[losat-wasi-threads] worker done tid=7
[losat-wasi-threads] worker done tid=8
[losat-wasi-event] {"event":"exited","at_ms":1329.84393,"tid":2,"code":0}
[losat-wasi-event] {"event":"exited","at_ms":1331.401942,"tid":6,"code":0}
[losat-wasi-event] {"event":"exited","at_ms":1332.068605,"tid":4,"code":0}
[losat-wasi-event] {"event":"exited","at_ms":1332.329082,"tid":3,"code":0}
[losat-wasi-event] {"event":"exited","at_ms":1333.780062,"tid":7,"code":0}
[losat-wasi-event] {"event":"exited","at_ms":1336.16006,"tid":5,"code":0}
[losat-wasi-event] {"event":"exited","at_ms":1336.662254,"tid":8,"code":0}
[losat-wasi-event] {"event":"exited","at_ms":1336.979665,"tid":1,"code":0}
