[losat-wasi-threads] shared-memory guards: 126 fills, 1233 copies
[losat-wasi-event] {"event":"spawn_attempt","at_ms":106.200248,"tid":1,"attempt":1}
[losat-wasi-event] {"event":"spawned","at_ms":108.415207,"tid":1}
[losat-wasi-threads] worker boot tid=1
[losat-wasi-threads] worker instantiate tid=1 start_arg=2506184
[losat-wasi-threads] worker start tid=1
[losat-wasi-event] {"event":"ready","at_ms":146.610932,"tid":1}
[losat-wasi-event] {"event":"spawn_attempt","at_ms":146.80392,"tid":2,"attempt":2}
[losat-wasi-event] {"event":"spawned","at_ms":147.419286,"tid":2}
[losat-wasi-threads] worker boot tid=2
[losat-wasi-threads] worker instantiate tid=2 start_arg=3555560
[losat-wasi-threads] worker start tid=2
[losat-wasi-event] {"event":"ready","at_ms":187.035844,"tid":2}
[losat-wasi-event] {"event":"spawn_attempt","at_ms":187.312529,"tid":3,"attempt":3}
[losat-wasi-event] {"event":"spawned","at_ms":187.814916,"tid":3}
[losat-wasi-threads] worker boot tid=3
[losat-wasi-threads] worker instantiate tid=3 start_arg=4604936
[losat-wasi-threads] worker start tid=3
[losat-wasi-event] {"event":"ready","at_ms":226.232702,"tid":3}
[losat-wasi-event] {"event":"spawn_attempt","at_ms":226.402685,"tid":4,"attempt":4}
[losat-wasi-event] {"event":"spawned","at_ms":226.858496,"tid":4}
[losat-wasi-threads] worker boot tid=4
[losat-wasi-threads] worker instantiate tid=4 start_arg=5654312
[losat-wasi-threads] worker start tid=4
[losat-wasi-event] {"event":"ready","at_ms":267.150268,"tid":4}
[losat-wasi-event] {"event":"spawn_attempt","at_ms":267.365661,"tid":5,"attempt":5}
[losat-wasi-event] {"event":"spawned","at_ms":270.109801,"tid":5}
[losat-wasi-threads] worker boot tid=5
[losat-wasi-threads] worker instantiate tid=5 start_arg=6703688
[losat-wasi-threads] worker start tid=5
[losat-wasi-event] {"event":"ready","at_ms":309.132095,"tid":5}
[losat-wasi-event] {"event":"spawn_attempt","at_ms":309.377814,"tid":6,"attempt":6}
[losat-wasi-event] {"event":"spawned","at_ms":309.85644,"tid":6}
[losat-wasi-threads] worker boot tid=6
[losat-wasi-threads] worker instantiate tid=6 start_arg=7753064
[losat-wasi-threads] worker start tid=6
[losat-wasi-event] {"event":"ready","at_ms":348.636425,"tid":6}
[losat-wasi-event] {"event":"spawn_attempt","at_ms":348.807371,"tid":7,"attempt":7}
[losat-wasi-event] {"event":"spawned","at_ms":349.342308,"tid":7}
[losat-wasi-threads] worker boot tid=7
[losat-wasi-threads] worker instantiate tid=7 start_arg=8802440
[losat-wasi-threads] worker start tid=7
[losat-wasi-event] {"event":"ready","at_ms":388.744851,"tid":7}
[losat-wasi-event] {"event":"spawn_attempt","at_ms":388.95144,"tid":8,"attempt":8}
[losat-wasi-event] {"event":"spawned","at_ms":389.419386,"tid":8}
[losat-wasi-threads] worker boot tid=8
[losat-wasi-threads] worker instantiate tid=8 start_arg=9851816
[losat-wasi-threads] worker start tid=8
[losat-wasi-event] {"event":"ready","at_ms":430.731666,"tid":8}
[losat-thread-pool] program=blastn requested_threads=8 pool_threads=8 caller_participates=false measured_activity=null
[losat-thread-stage] program=blastn stage=subjects work_items=1 parallel_selected=false measured_activity=null
[losat-thread-stage] program=blastn stage=subject_chunks work_items=1 parallel_selected=false measured_activity=null
[losat-thread-stage] program=blastn stage=dp_traceback_max_batch work_items=16 parallel_selected=true measured_activity=null
[DP-DIAGNOSTIC] subject=0 consumed=2751 fallback=0 scratch_count=8 scratch_creation_seconds=0.000007279 scratch_initial=[9600, 9600, 9600, 9600, 9600, 9600, 9600, 9600] scratch_final=[1104307, 902679, 959839, 566287, 963878, 894460, 648735, 595040] batches=[(0, 16, 0.02651458, [(2, (0, 0.013687571, 0.000167724, 0.013856009)), (2, (1, 0.025454359, 0.000290035, 0.025744957)), (2, (2, 0.02257044, 0.000268984, 0.022839955)), (2, (3, 0.022112004, 0.00042588, 0.022538271)), (2, (4, 0.026191177, 0.000261604, 0.026453345)), (2, (5, 0.022766309, 0.000401107, 0.023167902)), (2, (6, 0.020750861, 0.000382863, 0.021134396)), (2, (7, 0.020453268, 0.000440635, 0.020894709))]), (16, 12, 0.002984928, [(2, (0, 0.001958221, 1.6221e-5, 0.001974752)), (2, (1, 0.000856019, 6.0035e-5, 0.000916371)), (2, (2, 0.002910596, 4.8172e-5, 0.002959281)), (2, (3, 0.002234298, 0.000164185, 0.002399014)), (1, (4, 0.000734572, 3.5267e-5, 0.000770207)), (1, (5, 0.001599436, 0.000771838, 0.002371562)), (1, (6, 0.001022183, 9.7433e-5, 0.001119956)), (1, (7, 0.000565928, 0.000414779, 0.000981085))]), (32, 14, 0.001772857, [(2, (0, 0.001160587, 1.1532e-5, 0.001172467)), (2, (1, 0.000909874, 7.1329e-5, 0.000981666)), (2, (2, 0.001194899, 6.3161e-5, 0.001258416)), (2, (3, 0.001153784, 0.000201604, 0.001355706)), (2, (4, 0.001715518, 2.7096e-5, 0.001745098)), (2, (5, 0.001312477, 0.000138129, 0.001450941)), (1, (6, 0.001315535, 0.00010085, 0.001416732)), (1, (7, 0.001083956, 0.000205674, 0.001289987))]), (48, 12, 0.003715428, [(2, (0, 0.003702417, 1.1032e-5, 0.003713774)), (2, (1, 0.000777411, 0.000126043, 0.000903783)), (2, (2, 0.000810034, 0.000116234, 0.000926556)), (2, (3, 0.002497, 0.000205941, 0.002703333)), (1, (4, 0.000413381, 2.4576e-5, 0.000438231)), (1, (5, 0.000893341, 0.00027406, 0.001167739)), (1, (6, 0.00032623, 3.578e-5, 0.000362202)), (1, (7, 0.00160431, 0.000331535, 0.001936466))]), (64, 8, 0.00153847, [(1, (0, 0.000462407, 1.4416e-5, 0.000477092)), (1, (1, 0.000703992, 0.000153642, 0.000857958)), (1, (2, 0.000673968, 4.6484e-5, 0.00072076)), (1, (3, 0.00069375, 0.000176888, 0.000870962)), (1, (4, 0.000387133, 3.6679e-5, 0.000424151)), (1, (5, 0.000484298, 0.000163426, 0.000648058)), (1, (6, 0.000914435, 7.9483e-5, 0.000994209)), (1, (7, 0.001209833, 0.000215442, 0.001425618))]), (80, 7, 0.001996943, [(1, (0, 0.001982563, 1.1953e-5, 0.001995019)), (1, (1, 0.000425086, 2.7766e-5, 0.00045329)), (1, (2, 0.000515252, 0.000132856, 0.000648525)), (1, (3, 0.000274553, 0.000151021, 0.000425864)), (1, (4, 0.000367152, 6.1324e-5, 0.000428792)), (1, (5, 0.000448197, 8.9911e-5, 0.000538326)), (1, (6, 0.000363641, 6.8094e-5, 0.000431997)), (0, (7, 1.45e-7, 8.8726e-5, 8.9187e-5))]), (96, 6, 0.000999777, [(1, (0, 0.000355514, 1.7307e-5, 0.000373092)), (1, (1, 0.000376389, 0.000135999, 0.000512675)), (1, (2, 0.000920864, 4.8945e-5, 0.000970247)), (1, (3, 0.000421683, 0.000217885, 0.00063983)), (1, (4, 0.000466729, 3.8434e-5, 0.000505438)), (1, (5, 0.0003101, 0.000184482, 0.000494717)), (0, (6, 1.6e-7, 0.000182651, 0.000183142)), (0, (7, 6.5e-8, 0.000183751, 0.000183911))]), (112, 9, 0.002389021, [(2, (0, 0.001407165, 7.196e-6, 0.001414623)), (1, (1, 0.000429855, 0.000132332, 0.000562534)), (1, (2, 0.002338115, 2.0551e-5, 0.00235915)), (1, (3, 0.00034223, 0.000294797, 0.00063907)), (1, (4, 0.000822936, 8.594e-6, 0.000831856)), (1, (5, 0.000494368, 0.000235508, 0.000730255)), (1, (6, 0.000834015, 0.00014461, 0.00097893)), (1, (7, 0.000336546, 0.000187332, 0.000524232))]), (128, 7, 0.000862018, [(1, (0, 0.000206465, 1.3445e-5, 0.000220299)), (1, (1, 0.000743123, 7.2967e-5, 0.000816442)), (1, (2, 0.000451479, 3.433e-5, 0.000486114)), (1, (3, 0.000440818, 8.8137e-5, 0.000529373)), (1, (4, 0.0007321, 4.7429e-5, 0.000779854)), (1, (5, 0.000296834, 0.00022263, 0.000519855)), (1, (6, 0.000668824, 0.000162612, 0.000831828)), (0, (7, 1.22e-7, 0.000223221, 0.000223454))]), (144, 5, 0.000824005, [(1, (0, 0.000810219, 1.2432e-5, 0.000823022)), (1, (1, 0.000771445, 1.4162e-5, 0.000785924)), (1, (2, 0.000333189, 6.0117e-5, 0.000393643)), (1, (3, 0.000259716, 7.4459e-5, 0.000334295)), (1, (4, 0.000372493, 6.2745e-5, 0.000435536)), (0, (5, 1.66e-7, 7.3044e-5, 7.3587e-5)), (0, (6, 1.72e-7, 8.4018e-5, 8.4419e-5)), (0, (7, 1.91e-7, 8.482e-5, 8.533e-5))]), (160, 13, 0.00202431, [(2, (0, 0.000929738, 1.1214e-5, 0.000941305)), (2, (1, 0.001877497, 0.00011667, 0.001994462)), (2, (2, 0.001056125, 0.000102457, 0.001158847)), (2, (3, 0.000743894, 0.000253681, 0.000997915)), (2, (4, 0.00060662, 2.6562e-5, 0.000633449)), (1, (5, 0.000683256, 0.000311204, 0.000995029)), (1, (6, 0.000177767, 4.1656e-5, 0.000219695)), (1, (7, 0.000251004, 0.000220039, 0.000471151))]), (176, 5, 0.001058006, [(1, (0, 0.000355363, 1.2605e-5, 0.000368231)), (1, (1, 0.000873439, 3.0142e-5, 0.000903831)), (1, (2, 0.000208843, 0.000124453, 0.000333661)), (1, (3, 0.000896234, 0.000123411, 0.001019886)), (1, (4, 0.000820747, 4.2291e-5, 0.000863322)), (0, (5, 6.5e-8, 7.1907e-5, 7.2064e-5)), (0, (6, 1.62e-7, 6.9843e-5, 7.0361e-5)), (0, (7, 7.9e-8, 7.1013e-5, 7.1185e-5))]), (192, 8, 0.000795883, [(1, (0, 0.000206818, 1.8776e-5, 0.000225958)), (1, (1, 0.000173506, 2.0804e-5, 0.000194587)), (1, (2, 0.000230269, 5.8118e-5, 0.000288658)), (1, (3, 0.000187074, 7.508e-5, 0.000262471)), (1, (4, 0.000182722, 3.2907e-5, 0.000215873)), (1, (5, 0.000702387, 5.0375e-5, 0.000753031)), (1, (6, 0.000438082, 4.2085e-5, 0.000480398)), (1, (7, 0.000606198, 7.6344e-5, 0.000682862))]), (208, 5, 0.000462372, [(1, (0, 0.000293377, 1.0885e-5, 0.000304485)), (1, (1, 0.000412543, 1.2308e-5, 0.000425077)), (1, (2, 0.000378346, 7.9459e-5, 0.000458073)), (1, (3, 0.000360247, 8.0039e-5, 0.000440543)), (1, (4, 0.000191818, 4.0158e-5, 0.000232248)), (0, (5, 7.6e-8, 4.214e-5, 4.2309e-5)), (0, (6, 1.46e-7, 4.0397e-5, 4.0811e-5)), (0, (7, 8.6e-8, 4.1271e-5, 4.1464e-5))]), (224, 7, 0.000574385, [(1, (0, 0.000346002, 1.2358e-5, 0.000358661)), (1, (1, 0.000490224, 2.4412e-5, 0.000515074)), (1, (2, 0.000319872, 1.6545e-5, 0.000336764)), (1, (3, 0.000176413, 2.7692e-5, 0.000204347)), (1, (4, 0.000283517, 6.6476e-5, 0.000350438)), (1, (5, 0.000326042, 6.6585e-5, 0.000392847)), (1, (6, 0.000144326, 6.6602e-5, 0.000211251)), (0, (7, 1.99e-7, 8.6634e-5, 8.712e-5))]), (240, 10, 0.002542991, [(2, (0, 0.000360015, 5.241e-6, 0.000365495)), (2, (1, 0.002441192, 6.7689e-5, 0.002509342)), (1, (2, 0.00030193, 3.4979e-5, 0.000337207)), (1, (3, 0.000217088, 9.2393e-5, 0.000309696)), (1, (4, 0.000390648, 7.034e-6, 0.000397943)), (1, (5, 0.000223841, 7.8671e-5, 0.000302818)), (1, (6, 0.000340746, 2.2071e-5, 0.000363037)), (1, (7, 0.000215758, 0.000101613, 0.000317599))]), (256, 13, 0.001643032, [(2, (0, 0.001444693, 0.000196554, 0.001641512)), (2, (1, 0.000742025, 3.5167e-5, 0.000777625)), (2, (2, 0.000646739, 4.6357e-5, 0.000693367)), (2, (3, 0.000483026, 6.0104e-5, 0.000543579)), (2, (4, 0.000456007, 1.4409e-5, 0.000470671)), (1, (5, 0.000126585, 0.000180286, 0.000307193)), (1, (6, 0.000935386, 0.000123466, 0.001059169)), (1, (7, 0.000461225, 0.000189593, 0.000651035))]), (272, 8, 0.000543349, [(1, (0, 0.000410229, 1.7912e-5, 0.0004284)), (1, (1, 0.00026232, 0.000120698, 0.000383261)), (1, (2, 0.000453827, 6.1857e-5, 0.000516008)), (1, (3, 0.000178899, 0.000184011, 0.000363155)), (1, (4, 0.000172943, 4.3288e-5, 0.000216562)), (1, (5, 0.000178499, 0.000217001, 0.000395596)), (1, (6, 0.000167056, 0.000218754, 0.000386152)), (1, (7, 0.000141774, 0.000235121, 0.000377246))]), (288, 8, 0.000912486, [(1, (0, 0.000193112, 1.1559e-5, 0.000204935)), (1, (1, 0.000423584, 5.428e-5, 0.000478121)), (1, (2, 0.000266131, 2.4338e-5, 0.000290713)), (1, (3, 0.000663231, 0.000198001, 0.000861503)), (1, (4, 0.000216609, 3.6529e-5, 0.000253343)), (1, (5, 0.000167923, 0.000205948, 0.000373977)), (1, (6, 0.000168683, 6.3233e-5, 0.000232082)), (1, (7, 0.000381689, 0.000123605, 0.000505594))]), (304, 12, 0.000816133, [(2, (0, 0.000553479, 5.581e-6, 0.000559264)), (2, (1, 0.000369689, 6.4405e-5, 0.000434306)), (2, (2, 0.000294711, 4.9368e-5, 0.000344326)), (2, (3, 0.000601071, 0.000167012, 0.000768391)), (1, (4, 0.000279494, 6.576e-6, 0.000286325)), (1, (5, 0.000208895, 8.7303e-5, 0.000296413)), (1, (6, 0.000225643, 1.0751e-5, 0.000236681)), (1, (7, 0.000214125, 0.000142639, 0.000356992))]), (320, 14, 0.000981327, [(2, (0, 0.000288599, 1.0613e-5, 0.000299472)), (2, (1, 0.000245169, 2.2454e-5, 0.000267873)), (2, (2, 0.00041095, 0.000118317, 0.00052963)), (2, (3, 0.000788953, 0.000146991, 0.000936191)), (2, (4, 0.000695798, 3.4857e-5, 0.000730989)), (2, (5, 0.000364715, 0.000130249, 0.000495169)), (1, (6, 0.000221222, 4.5491e-5, 0.000266937)), (1, (7, 0.000331246, 5.9856e-5, 0.000391327))]), (336, 13, 0.000857369, [(2, (0, 0.000466721, 1.1233e-5, 0.000478166)), (2, (1, 0.00031837, 1.4361e-5, 0.000333126)), (2, (2, 0.000401664, 4.22e-5, 0.000444215)), (2, (3, 0.000731139, 7.418e-5, 0.000805631)), (2, (4, 0.000310592, 8.5745e-5, 0.000396673)), (1, (5, 0.000113408, 8.6145e-5, 0.000199876)), (1, (6, 0.000103915, 8.5966e-5, 0.000190103)), (1, (7, 0.000110277, 0.000146604, 0.00025715))]), (352, 13, 0.000873996, [(2, (0, 0.00027938, 4.694e-6, 0.000284302)), (2, (1, 0.00077954, 6.7784e-5, 0.000847581)), (2, (2, 0.000533962, 4.6331e-5, 0.000580519)), (2, (3, 0.000353698, 7.5774e-5, 0.00042968)), (2, (4, 0.000257309, 3.0435e-5, 0.000288024)), (1, (5, 0.000214567, 0.000125945, 0.000344061)), (1, (6, 0.000159308, 0.000111808, 0.000271339)), (1, (7, 0.000187894, 0.000131958, 0.000320184))]), (368, 14, 0.000799514, [(2, (0, 0.000294214, 1.1396e-5, 0.000305866)), (2, (1, 0.0004763, 2.1875e-5, 0.000498419)), (2, (2, 0.000621728, 0.000154209, 0.000776159)), (2, (3, 0.000368018, 0.00016846, 0.000536681)), (2, (4, 0.000470673, 4.0988e-5, 0.000511975)), (2, (5, 0.000306577, 0.000144341, 0.000451249)), (1, (6, 0.000294522, 0.000115289, 0.000410469)), (1, (7, 0.000428826, 0.000174517, 0.000603552))]), (384, 15, 0.0017522, [(2, (0, 0.000514141, 1.1298e-5, 0.000525736)), (2, (1, 0.001671013, 5.1819e-5, 0.001723239)), (2, (2, 0.000727159, 2.5435e-5, 0.000752835)), (2, (3, 0.000251801, 6.4634e-5, 0.000316605)), (2, (4, 0.000267601, 3.7987e-5, 0.000305778)), (2, (5, 0.000553689, 0.000200933, 0.000754842)), (2, (6, 0.000257393, 0.000182662, 0.00044037)), (1, (7, 0.000121369, 0.000208457, 0.000330057))]), (400, 14, 0.000833652, [(2, (0, 0.000186873, 1.2524e-5, 0.000199742)), (2, (1, 0.00031845, 0.000168388, 0.000487181)), (2, (2, 0.00075844, 4.778e-5, 0.000806599)), (2, (3, 0.000225519, 0.000201216, 0.000426922)), (2, (4, 0.000331863, 2.9663e-5, 0.000361845)), (2, (5, 0.000335613, 0.000182757, 0.000518617)), (1, (6, 0.000201299, 0.000100697, 0.000302292)), (1, (7, 0.000219223, 0.000117256, 0.000336748))]), (416, 15, 0.000817021, [(2, (0, 0.00039824, 5.166e-6, 0.000403618)), (2, (1, 0.00024086, 3.9198e-5, 0.000280307)), (2, (2, 0.000235307, 5.0333e-5, 0.0002859)), (2, (3, 0.000230057, 5.1673e-5, 0.000282082)), (2, (4, 0.000229198, 6.115e-5, 0.000290592)), (2, (5, 0.000205831, 4.6265e-5, 0.000252406)), (2, (6, 0.000577187, 0.00012088, 0.000698584)), (1, (7, 0.000156492, 0.000121812, 0.000278563))]), (432, 15, 0.000684019, [(2, (0, 0.000261108, 6.148e-6, 0.000267444)), (2, (1, 0.000557225, 0.000100364, 0.000657842)), (2, (2, 0.00031177, 2.9361e-5, 0.000341319)), (2, (3, 0.000248217, 4.2891e-5, 0.000291325)), (2, (4, 0.000270126, 7.698e-6, 0.000278107)), (2, (5, 0.000219287, 0.000119783, 0.000339306)), (2, (6, 0.000255323, 1.5966e-5, 0.000271503)), (1, (7, 0.000169897, 0.000114217, 0.000284435))]), (448, 16, 0.000841648, [(2, (0, 0.00024864, 1.5374e-5, 0.000264217)), (2, (1, 0.000303056, 3.2808e-5, 0.000336117)), (2, (2, 0.000377819, 0.000131297, 0.00050939)), (2, (3, 0.000334569, 0.000193245, 0.000528696)), (2, (4, 0.000214667, 4.5981e-5, 0.000260868)), (2, (5, 0.000681379, 0.000115639, 0.000797269)), (2, (6, 0.000535956, 5.8878e-5, 0.000595064)), (2, (7, 0.000370712, 0.00014208, 0.000513031))]), (464, 16, 0.000676405, [(2, (0, 0.000323411, 6.724e-6, 0.00033045)), (2, (1, 0.000622177, 2.4681e-5, 0.000647078)), (2, (2, 0.000423513, 9.942e-6, 0.000433673)), (2, (3, 0.000349071, 0.000137673, 0.00048702)), (2, (4, 0.000315621, 8.049e-6, 0.000323973)), (2, (5, 0.000255935, 0.000112804, 0.000368975)), (2, (6, 0.000268644, 9.9946e-5, 0.000368794)), (2, (7, 0.000281733, 0.000159227, 0.000441498))]), (480, 16, 0.00060561, [(2, (0, 0.000236934, 4.3135e-5, 0.000280653)), (2, (1, 0.000264507, 7.2299e-5, 0.000337115)), (2, (2, 0.000319023, 5.8206e-5, 0.000377471)), (2, (3, 0.00023752, 8.7944e-5, 0.000325726)), (2, (4, 0.000337834, 1.5496e-5, 0.00035364)), (2, (5, 0.000371111, 0.000194342, 0.00056625)), (2, (6, 0.000281102, 2.9834e-5, 0.000311241)), (2, (7, 0.000236385, 0.000177331, 0.000413979))]), (496, 15, 0.000900372, [(2, (0, 0.000295174, 1.2357e-5, 0.0003078)), (2, (1, 0.000301986, 2.8883e-5, 0.000331068)), (2, (2, 0.000267493, 3.914e-5, 0.00030684)), (2, (3, 0.000283931, 4.4033e-5, 0.000328213)), (2, (4, 0.000248643, 3.6365e-5, 0.00028523)), (2, (5, 0.000269497, 5.1091e-5, 0.000320839)), (2, (6, 0.000474215, 4.436e-5, 0.000518876)), (1, (7, 0.000747666, 5.0422e-5, 0.000798321))]), (512, 14, 0.000516226, [(2, (0, 0.000223193, 1.1929e-5, 0.000235365)), (2, (1, 0.000274427, 2.6366e-5, 0.000301045)), (2, (2, 0.000237986, 7.902e-5, 0.000317201)), (2, (3, 0.000321475, 0.000138123, 0.000459775)), (2, (4, 0.000312694, 4.1534e-5, 0.000354415)), (2, (5, 0.000289825, 0.00014903, 0.000439099)), (1, (6, 0.000102097, 5.3208e-5, 0.000155541)), (1, (7, 0.000140796, 6.3762e-5, 0.000204765))]), (528, 15, 0.000458595, [(2, (0, 0.000310847, 1.1946e-5, 0.000323056)), (2, (1, 0.000273113, 6.4137e-5, 0.000337445)), (2, (2, 0.000400668, 3.7325e-5, 0.000438231)), (2, (3, 0.000372469, 5.0865e-5, 0.000423552)), (2, (4, 0.00030755, 2.5669e-5, 0.000333449)), (2, (5, 0.000230675, 9.1256e-5, 0.000322132)), (2, (6, 0.000270149, 7.69e-5, 0.00034724)), (1, (7, 0.000186863, 0.000105278, 0.000292347))]), (544, 16, 0.000614116, [(2, (0, 0.000215634, 1.1966e-5, 0.000227834)), (2, (1, 0.000432381, 7.0932e-5, 0.000503525)), (2, (2, 0.000237996, 2.4113e-5, 0.000262313)), (2, (3, 0.000263077, 0.000228775, 0.00049195)), (2, (4, 0.000233073, 3.7403e-5, 0.000270702)), (2, (5, 0.000192629, 8.9338e-5, 0.000282184)), (2, (6, 0.000479179, 7.5118e-5, 0.000554548)), (2, (7, 0.000226994, 0.000262993, 0.000490086))]), (560, 15, 0.001131089, [(2, (0, 0.000295861, 1.3229e-5, 0.000309383)), (2, (1, 0.00029349, 2.9863e-5, 0.000323525)), (2, (2, 0.000258323, 0.0001207, 0.000379349)), (2, (3, 0.000340654, 0.000160055, 0.000501026)), (2, (4, 0.001009485, 4.4735e-5, 0.001054471)), (2, (5, 0.000218468, 0.00014784, 0.0003667)), (2, (6, 0.000290787, 5.6647e-5, 0.000347628)), (1, (7, 0.000150385, 7.332e-5, 0.000223998))]), (576, 15, 0.000519582, [(2, (0, 0.000213329, 6.194e-6, 0.000219679)), (2, (1, 0.000308536, 0.000125619, 0.000434417)), (2, (2, 0.000403021, 1.8312e-5, 0.00042156)), (2, (3, 0.000276648, 5.2323e-5, 0.00032924)), (2, (4, 0.000278939, 3.3961e-5, 0.000313155)), (2, (5, 0.000274714, 0.000189244, 0.000464719)), (2, (6, 0.000260933, 6.6083e-5, 0.000327227)), (1, (7, 0.000164075, 0.000139759, 0.000304063))]), (592, 16, 0.00046514, [(2, (0, 0.000267206, 4.135e-5, 0.000308761)), (2, (1, 0.00019141, 6.3228e-5, 0.000254902)), (2, (2, 0.000218121, 0.000111475, 0.000329794)), (2, (3, 0.000276986, 0.000111645, 0.000388893)), (2, (4, 0.000272804, 1.4278e-5, 0.000287295)), (2, (5, 0.00027312, 9.0697e-5, 0.000364037)), (2, (6, 0.000280877, 2.7889e-5, 0.000309012)), (2, (7, 0.00028763, 7.6071e-5, 0.000363938))]), (608, 16, 0.000630294, [(2, (0, 0.000320764, 1.1909e-5, 0.000332914)), (2, (1, 0.000328912, 2.6005e-5, 0.000355134)), (2, (2, 0.000355976, 3.9746e-5, 0.000395962)), (2, (3, 0.0003753, 5.2106e-5, 0.000427636)), (2, (4, 0.000375395, 7.8021e-5, 0.000453617)), (2, (5, 0.000508796, 8.4816e-5, 0.000593793)), (2, (6, 0.000321051, 8.5854e-5, 0.000407108)), (2, (7, 0.000327457, 9.067e-5, 0.000418345))]), (624, 16, 0.000421826, [(2, (0, 0.000286805, 1.1535e-5, 0.000298567)), (2, (1, 0.000269921, 5.2655e-5, 0.000322813)), (2, (2, 0.000355518, 3.934e-5, 0.000395089)), (2, (3, 0.000233608, 9.1797e-5, 0.000325591)), (2, (4, 0.000379211, 2.5573e-5, 0.00040503)), (2, (5, 0.000267092, 7.7881e-5, 0.000348026)), (2, (6, 0.000255309, 6.5848e-5, 0.000321381)), (2, (7, 0.000240597, 9.8798e-5, 0.000339595))]), (640, 13, 0.00114167, [(2, (0, 0.000231839, 3.2487e-5, 0.000264576)), (2, (1, 0.000312601, 9.6126e-5, 0.000408949)), (2, (2, 0.000327111, 7.3143e-5, 0.000400519)), (2, (3, 0.000269042, 0.000111997, 0.000381262)), (2, (4, 0.000256107, 7.1543e-5, 0.000327949)), (1, (5, 0.000198384, 0.000129789, 0.000328559)), (1, (6, 0.000971209, 0.000114067, 0.001085713)), (1, (7, 0.000208198, 0.000265897, 0.000474243))]), (656, 11, 0.000537876, [(2, (0, 0.000302855, 4.407e-6, 0.000307453)), (2, (1, 0.000458557, 4.592e-5, 0.000504858)), (2, (2, 0.000318692, 2.4734e-5, 0.000343713)), (1, (3, 0.000205954, 8.0528e-5, 0.000286805)), (1, (4, 0.000138202, 1.1894e-5, 0.000150328)), (1, (5, 0.000124382, 0.000150788, 0.000275294)), (1, (6, 0.000161451, 0.000131654, 0.000293376)), (1, (7, 0.000104775, 0.000156325, 0.000261415))]), (672, 15, 0.000480016, [(2, (0, 0.000248937, 1.3474e-5, 0.000262747)), (2, (1, 0.000294806, 5.9357e-5, 0.000354367)), (2, (2, 0.000291514, 2.9259e-5, 0.000321043)), (2, (3, 0.000330203, 7.0416e-5, 0.000400834)), (2, (4, 0.000223624, 4.3704e-5, 0.000267652)), (2, (5, 0.000289834, 0.000144675, 0.000434898)), (2, (6, 0.000284928, 0.00010046, 0.000385616)), (1, (7, 0.000258495, 0.000139253, 0.000398135))]), (688, 16, 0.000475402, [(2, (0, 0.000227092, 1.2259e-5, 0.000239695)), (2, (1, 0.000395989, 5.4091e-5, 0.000450335)), (2, (2, 0.000323921, 4.0037e-5, 0.000364147)), (2, (3, 0.000285127, 9.4271e-5, 0.000379694)), (2, (4, 0.000276767, 2.7714e-5, 0.000304753)), (2, (5, 0.000285686, 7.9883e-5, 0.000365778)), (2, (6, 0.000300737, 6.7403e-5, 0.000368358)), (2, (7, 0.000254758, 0.000101353, 0.000356338))]), (704, 16, 0.000497426, [(2, (0, 0.000317399, 1.5546e-5, 0.000333368)), (2, (1, 0.000373678, 7.6279e-5, 0.000450422)), (2, (2, 0.000344466, 2.5794e-5, 0.00037047)), (2, (3, 0.000337549, 6.2622e-5, 0.000400416)), (2, (4, 0.00027329, 3.8129e-5, 0.000311579)), (2, (5, 0.000324029, 0.000149423, 0.000474277)), (2, (6, 0.000346461, 9.0774e-5, 0.000437447)), (2, (7, 0.000281721, 0.000134481, 0.00041642))]), (720, 16, 0.000526713, [(2, (0, 0.000345076, 1.2392e-5, 0.000357688)), (2, (1, 0.00027159, 2.8746e-5, 0.000300612)), (2, (2, 0.000330554, 8.3733e-5, 0.000417417)), (2, (3, 0.000366314, 0.000121911, 0.000488561)), (2, (4, 0.000277175, 4.357e-5, 0.000320944)), (2, (5, 0.000280896, 0.000121544, 0.000402663)), (2, (6, 0.000289408, 5.5478e-5, 0.000345083)), (2, (7, 0.000256753, 7.1087e-5, 0.000328125))]), (736, 11, 0.000412516, [(2, (0, 0.000215873, 4.001e-6, 0.000220031)), (2, (1, 0.000243442, 4.1326e-5, 0.000284977)), (2, (2, 0.000240361, 6.307e-6, 0.000246879)), (1, (3, 0.000122523, 5.9318e-5, 0.00018204)), (1, (4, 0.000113456, 6.196e-6, 0.000119842)), (1, (5, 0.000200426, 0.000102978, 0.000304151)), (1, (6, 0.000117762, 1.4596e-5, 0.000132546)), (1, (7, 0.000192054, 3.1529e-5, 0.00022386))]), (752, 15, 0.000559319, [(2, (0, 0.000307486, 1.5883e-5, 0.000323777)), (2, (1, 0.000322518, 0.000127889, 0.000450808)), (2, (2, 0.000305691, 4.6343e-5, 0.000352222)), (2, (3, 0.000404158, 8.3365e-5, 0.000487932)), (2, (4, 0.000248436, 3.6095e-5, 0.00028486)), (2, (5, 0.000270232, 0.000158123, 0.000428686)), (2, (6, 0.000267082, 0.000132637, 0.000400052)), (1, (7, 0.000215722, 0.000170324, 0.000386461))]), (768, 16, 0.000544391, [(2, (0, 0.000292435, 1.2237e-5, 0.000304953)), (2, (1, 0.00029903, 5.7216e-5, 0.000356551)), (2, (2, 0.000290348, 3.0461e-5, 0.000321104)), (2, (3, 0.000367572, 7.3607e-5, 0.000441483)), (2, (4, 0.000279458, 4.311e-5, 0.000322893)), (2, (5, 0.000275435, 0.000119314, 0.000394968)), (2, (6, 0.000379721, 0.000124117, 0.000504561)), (2, (7, 0.000244085, 0.000127279, 0.000371701))]), (784, 16, 0.000505275, [(2, (0, 0.000362491, 1.3719e-5, 0.000376441)), (2, (1, 0.000303762, 2.8227e-5, 0.000334889)), (2, (2, 0.000260073, 8.515e-5, 0.000345449)), (2, (3, 0.000308142, 0.000100015, 0.000408417)), (2, (4, 0.000388996, 4.1099e-5, 0.000430346)), (2, (5, 0.000352665, 0.000124879, 0.000477905)), (2, (6, 0.000315176, 5.5856e-5, 0.000371299)), (2, (7, 0.000247251, 7.0181e-5, 0.000317695))]), (800, 16, 0.000460265, [(2, (0, 0.000314277, 1.2192e-5, 0.000326715)), (2, (1, 0.000373349, 5.3383e-5, 0.000426987)), (2, (2, 0.000292034, 2.6177e-5, 0.000318628)), (2, (3, 0.000268849, 6.5129e-5, 0.000334228)), (2, (4, 0.00023814, 3.9748e-5, 0.000278104)), (2, (5, 0.000300896, 0.000122228, 0.00042441)), (2, (6, 0.000234223, 7.8732e-5, 0.000313156)), (2, (7, 0.00021892, 9.3832e-5, 0.000313005))]), (816, 16, 0.000558831, [(2, (0, 0.000233621, 1.1217e-5, 0.000245078)), (2, (1, 0.000245437, 1.3104e-5, 0.000258741)), (2, (2, 0.00024949, 5.3217e-5, 0.000302927)), (2, (3, 0.000259857, 5.9627e-5, 0.000319689)), (2, (4, 0.00026675, 4.1046e-5, 0.000308011)), (2, (5, 0.000472981, 4.1168e-5, 0.000514511)), (2, (6, 0.000246935, 4.2248e-5, 0.000289382)), (2, (7, 0.000285254, 4.802e-5, 0.000333523))]), (832, 16, 0.000490007, [(2, (0, 0.000268392, 1.2049e-5, 0.000280803)), (2, (1, 0.000224788, 1.3696e-5, 0.000238671)), (2, (2, 0.000300503, 0.000101547, 0.000402416)), (2, (3, 0.000319562, 0.000120262, 0.000440199)), (2, (4, 0.00028408, 3.8799e-5, 0.000323114)), (2, (5, 0.000255507, 5.1237e-5, 0.000306931)), (2, (6, 0.000257117, 3.9245e-5, 0.000296635)), (2, (7, 0.000250186, 6.4627e-5, 0.000315013))]), (848, 16, 0.000861378, [(2, (0, 0.000846432, 1.3007e-5, 0.00085971)), (2, (1, 0.000251148, 5.1942e-5, 0.000303302)), (2, (2, 0.000381062, 3.8224e-5, 0.000419499)), (2, (3, 0.000244816, 6.4911e-5, 0.000309946)), (2, (4, 0.000336312, 2.6194e-5, 0.000362725)), (2, (5, 0.000237758, 9.2082e-5, 0.000330053)), (2, (6, 0.000314992, 8.0604e-5, 0.000395851)), (2, (7, 0.000582007, 0.000109703, 0.00069213))]), (864, 15, 0.000558203, [(2, (0, 0.000253947, 1.4699e-5, 0.000268856)), (2, (1, 0.000293646, 0.000114403, 0.000408385)), (2, (2, 0.000227852, 4.8435e-5, 0.000276643)), (2, (3, 0.000208562, 0.000195638, 0.000404506)), (2, (4, 0.000360643, 3.4367e-5, 0.000395327)), (2, (5, 0.000353945, 0.000146145, 0.000500415)), (2, (6, 0.000320988, 0.000130204, 0.000451501)), (1, (7, 0.000188327, 0.00018734, 0.000376135))]), (880, 16, 0.000505353, [(2, (0, 0.000285988, 1.4887e-5, 0.00030114)), (2, (1, 0.000254992, 5.8118e-5, 0.000313435)), (2, (2, 0.00027041, 4.3887e-5, 0.000314633)), (2, (3, 0.000186929, 7.2553e-5, 0.000259751)), (2, (4, 0.000313946, 3.0466e-5, 0.000344851)), (2, (5, 0.000298138, 0.000164185, 0.000462746)), (2, (6, 0.000278281, 8.7406e-5, 0.000365938)), (2, (7, 0.000246778, 0.000146356, 0.000393484))]), (896, 14, 0.000403818, [(2, (0, 0.000268962, 1.493e-5, 0.000284219)), (2, (1, 0.000270213, 2.9125e-5, 0.000299529)), (2, (2, 0.000223814, 4.4721e-5, 0.00026884)), (2, (3, 0.000219926, 5.4719e-5, 0.00027484)), (2, (4, 0.000229138, 8.4077e-5, 0.000313478)), (2, (5, 0.0002622, 9.7222e-5, 0.00035969)), (1, (6, 0.000143525, 8.4298e-5, 0.000228078)), (1, (7, 0.000216434, 0.000113471, 0.000330304))]), (912, 16, 0.000518872, [(2, (0, 0.000279392, 1.3593e-5, 0.00029329)), (2, (1, 0.000344149, 2.8462e-5, 0.000372826)), (2, (2, 0.00027956, 8.2274e-5, 0.000362104)), (2, (3, 0.000289004, 0.000175792, 0.000465247)), (2, (4, 0.000221154, 4.2014e-5, 0.000263387)), (2, (5, 0.000260536, 0.00017816, 0.000439005)), (2, (6, 0.000364095, 5.7168e-5, 0.000421782)), (2, (7, 0.000293748, 7.0143e-5, 0.00036411))]), (928, 16, 0.00065648, [(2, (0, 0.000228089, 1.418e-5, 0.000242507)), (2, (1, 0.000225403, 5.1143e-5, 0.000276753)), (2, (2, 0.00035219, 2.7063e-5, 0.000379488)), (2, (3, 0.000228319, 6.3298e-5, 0.00029195)), (2, (4, 0.000407027, 4.0639e-5, 0.000447892)), (2, (5, 0.000461878, 0.000156675, 0.000618931)), (2, (6, 0.000303371, 7.48e-5, 0.00037835)), (2, (7, 0.00024674, 0.000146426, 0.000393437))]), (944, 16, 0.00041968, [(2, (0, 0.000341956, 1.227e-5, 0.000354528)), (2, (1, 0.000369369, 2.6188e-5, 0.000395933)), (2, (2, 0.000246956, 8.3698e-5, 0.000330863)), (2, (3, 0.000245406, 0.000113632, 0.000359303)), (2, (4, 0.000260432, 3.9177e-5, 0.000299836)), (2, (5, 0.000310817, 9.7163e-5, 0.00040821)), (2, (6, 0.000286023, 5.5941e-5, 0.000342161)), (2, (7, 0.000321824, 6.9052e-5, 0.000391153))]), (960, 16, 0.000554422, [(2, (0, 0.000218609, 1.2092e-5, 0.000230912)), (2, (1, 0.000235665, 1.4001e-5, 0.000249914)), (2, (2, 0.000295181, 5.2885e-5, 0.000348295)), (2, (3, 0.000350906, 8.1638e-5, 0.000432801)), (2, (4, 0.000372582, 4.0184e-5, 0.000412961)), (2, (5, 0.000479549, 4.0736e-5, 0.000520534)), (2, (6, 0.000296452, 4.0673e-5, 0.000337367)), (2, (7, 0.000200524, 7.5938e-5, 0.000276698))]), (976, 16, 0.000586566, [(2, (0, 0.000326992, 3.3996e-5, 0.00036149)), (2, (1, 0.000336072, 0.000138792, 0.000475208)), (2, (2, 0.000259996, 9.0163e-5, 0.00035042)), (2, (3, 0.000245246, 0.000193366, 0.000438896)), (2, (4, 0.000366233, 9.0591e-5, 0.000457163)), (2, (5, 0.000249809, 0.000149746, 0.000399804)), (2, (6, 0.000427517, 0.000121549, 0.00054947)), (2, (7, 0.000291137, 0.000200706, 0.000492095))]), (992, 16, 0.000746301, [(2, (0, 0.000249771, 4.5354e-5, 0.000295388)), (2, (1, 0.000276554, 0.000143507, 0.000420325)), (2, (2, 0.000450384, 0.000148395, 0.00059963)), (2, (3, 0.000266858, 0.000151771, 0.000418937)), (2, (4, 0.000322916, 1.489e-5, 0.000338016)), (2, (5, 0.000313517, 7.3967e-5, 0.00038773)), (2, (6, 0.000367599, 3.0058e-5, 0.000397915)), (2, (7, 0.000601992, 6.0476e-5, 0.000662745))]), (1008, 16, 0.000478728, [(2, (0, 0.000239438, 1.3013e-5, 0.000252702)), (2, (1, 0.000236166, 5.32e-5, 0.000291873)), (2, (2, 0.000246443, 3.9331e-5, 0.000285985)), (2, (3, 0.000249389, 6.436e-5, 0.000314019)), (2, (4, 0.000386399, 2.782e-5, 0.00041455)), (2, (5, 0.000282757, 0.0001695, 0.000452655)), (2, (6, 0.000227099, 7.8924e-5, 0.000306252)), (2, (7, 0.000257174, 0.000169116, 0.00042651))]), (1024, 16, 0.000506989, [(2, (0, 0.000218282, 1.5126e-5, 0.000233704)), (2, (1, 0.000319225, 1.7223e-5, 0.000336659)), (2, (2, 0.000260257, 4.1773e-5, 0.000302234)), (2, (3, 0.000288064, 4.2445e-5, 0.000330805)), (2, (4, 0.000203555, 0.000168028, 0.000371774)), (2, (5, 0.000231725, 0.000162481, 0.00039455)), (2, (6, 0.00019535, 0.000136939, 0.000332497)), (2, (7, 0.000245591, 0.000182937, 0.000428884))]), (1040, 16, 0.00062196, [(2, (0, 0.000198641, 1.2804e-5, 0.000211709)), (2, (1, 0.000239307, 5.1992e-5, 0.000291506)), (2, (2, 0.000312756, 4.1496e-5, 0.000354704)), (2, (3, 0.000312134, 0.000116936, 0.000429477)), (2, (4, 0.000332947, 2.572e-5, 0.000358905)), (2, (5, 0.000305089, 8.7563e-5, 0.000392919)), (2, (6, 0.000285687, 6.6295e-5, 0.000352179)), (2, (7, 0.00044784, 0.000101025, 0.000549214))]), (1056, 16, 0.000635943, [(2, (0, 0.000213694, 4.3162e-5, 0.000257115)), (2, (1, 0.000501963, 9.281e-5, 0.000595136)), (2, (2, 0.000278987, 0.000222677, 0.000501978)), (2, (3, 0.0002174, 0.000221908, 0.000439422)), (2, (4, 0.000215293, 1.7683e-5, 0.000233231)), (2, (5, 0.000339311, 5.6754e-5, 0.000396274)), (2, (6, 0.000233791, 1.8129e-5, 0.000252125)), (2, (7, 0.00018582, 2.8897e-5, 0.000214901))]), (1072, 16, 0.000758724, [(2, (0, 0.000302289, 1.3701e-5, 0.000316244)), (2, (1, 0.000435939, 0.000102794, 0.000539088)), (2, (2, 0.000268759, 2.5137e-5, 0.000294156)), (2, (3, 0.000474469, 0.000242239, 0.000717062)), (2, (4, 0.000342131, 7.0182e-5, 0.000412641)), (2, (5, 0.000375545, 0.00025531, 0.000631295)), (2, (6, 0.00028945, 0.000143805, 0.000433805)), (2, (7, 0.000414652, 0.000186435, 0.000601503))]), (1088, 16, 0.000790531, [(2, (0, 0.000231725, 1.5022e-5, 0.00024703)), (2, (1, 0.000231271, 7.4131e-5, 0.000305706)), (2, (2, 0.000214788, 4.602e-5, 0.00026105)), (2, (3, 0.00023714, 0.000210418, 0.000448443)), (2, (4, 0.000224765, 3.2083e-5, 0.000257079)), (2, (5, 0.000182656, 9.3702e-5, 0.000276662)), (2, (6, 0.000407315, 5.927e-5, 0.000467006)), (2, (7, 0.000472611, 0.000245362, 0.000718383))]), (1104, 16, 0.000460804, [(2, (0, 0.000225589, 1.3918e-5, 0.000239801)), (2, (1, 0.000230208, 6.0107e-5, 0.000290742)), (2, (2, 0.000209886, 3.0193e-5, 0.000240408)), (2, (3, 0.000274583, 7.2389e-5, 0.000347215)), (2, (4, 0.000228631, 4.0518e-5, 0.000269377)), (2, (5, 0.000297362, 0.000116571, 0.00041442)), (2, (6, 0.000225387, 8.5841e-5, 0.000311532)), (2, (7, 0.000215697, 9.9714e-5, 0.000315653))]), (1120, 16, 0.000518321, [(2, (0, 0.000286954, 1.4162e-5, 0.000301448)), (2, (1, 0.0002709, 7.5708e-5, 0.000346886)), (2, (2, 0.000252467, 3.0903e-5, 0.00028363)), (2, (3, 0.000243279, 8.9825e-5, 0.000333308)), (2, (4, 0.000306676, 4.2516e-5, 0.000349452)), (2, (5, 0.000320488, 0.000153239, 0.000474535)), (2, (6, 0.000288479, 5.4913e-5, 0.000343606)), (2, (7, 0.000338126, 0.000104847, 0.000443225))]), (1136, 15, 0.000606502, [(2, (0, 0.000204972, 1.5041e-5, 0.000220328)), (2, (1, 0.000252796, 3.0299e-5, 0.000283323)), (2, (2, 0.000471375, 0.000105469, 0.000577199)), (2, (3, 0.000280374, 0.000128113, 0.000408833)), (2, (4, 0.000275014, 4.2049e-5, 0.000317275)), (2, (5, 0.000244277, 0.000116881, 0.000361454)), (2, (6, 0.00029063, 5.5611e-5, 0.000346479)), (1, (7, 0.000147388, 6.858e-5, 0.000216138))]), (1152, 16, 0.000606424, [(2, (0, 0.000203083, 1.3764e-5, 0.000217173)), (2, (1, 0.000320012, 9.8147e-5, 0.000418452)), (2, (2, 0.000227094, 5.2869e-5, 0.000280196)), (2, (3, 0.000227288, 0.000113488, 0.00034097)), (2, (4, 0.000405487, 2.7003e-5, 0.00043267)), (2, (5, 0.00021632, 0.00013744, 0.000353989)), (2, (6, 0.00041352, 3.8798e-5, 0.000452534)), (2, (7, 0.000313304, 0.000185929, 0.000500155))]), (1168, 16, 0.000531958, [(2, (0, 0.000223918, 4.792e-6, 0.000228863)), (2, (1, 0.000337166, 0.000148565, 0.000486096)), (2, (2, 0.000191165, 4.0214e-5, 0.000235074)), (2, (3, 0.000310014, 0.000162198, 0.000472535)), (2, (4, 0.000236509, 3.0612e-5, 0.000267609)), (2, (5, 0.000217072, 0.000116949, 0.000334244)), (2, (6, 0.000410424, 7.555e-5, 0.000486434)), (2, (7, 0.000326677, 0.000122414, 0.000449414))]), (1184, 16, 0.000590974, [(2, (0, 0.000213338, 1.2958e-5, 0.000226622)), (2, (1, 0.000313669, 1.4103e-5, 0.000328037)), (2, (2, 0.000234702, 3.9378e-5, 0.000274299)), (2, (3, 0.000279154, 4.0987e-5, 0.000320415)), (2, (4, 0.000284387, 5.4794e-5, 0.000339557)), (2, (5, 0.000295983, 0.000104871, 0.000401085)), (2, (6, 0.000277234, 6.6519e-5, 0.000344014)), (2, (7, 0.000394026, 0.000112013, 0.000506815))]), (1200, 16, 0.000470951, [(2, (0, 0.000263816, 4.1727e-5, 0.000305786)), (2, (1, 0.000327243, 8.1612e-5, 0.000409103)), (2, (2, 0.000318286, 0.000134116, 0.000452614)), (2, (3, 0.000303901, 0.000136334, 0.000440594)), (2, (4, 0.000305793, 1.5653e-5, 0.000321682)), (2, (5, 0.00034578, 9.6122e-5, 0.00044218)), (2, (6, 0.000196508, 2.9431e-5, 0.000226162)), (2, (7, 0.000311206, 6.5731e-5, 0.000377171))]), (1216, 16, 0.000427799, [(2, (0, 0.000209093, 1.3298e-5, 0.000222668)), (2, (1, 0.000245733, 5.8797e-5, 0.00030473)), (2, (2, 0.00019935, 4.3323e-5, 0.000242953)), (2, (3, 0.000241567, 0.00014683, 0.000389126)), (2, (4, 0.000208686, 3.0104e-5, 0.000239023)), (2, (5, 0.000217342, 0.000105822, 0.000323367)), (2, (6, 0.000178906, 7.2882e-5, 0.000252058)), (2, (7, 0.000234163, 8.635e-5, 0.000320708))]), (1232, 16, 0.000568477, [(2, (0, 0.00018959, 1.2892e-5, 0.000202722)), (2, (1, 0.000213617, 2.606e-5, 0.000239887)), (2, (2, 0.000211897, 7.8359e-5, 0.000290503)), (2, (3, 0.000284169, 9.3e-5, 0.000377371)), (2, (4, 0.000301934, 3.9505e-5, 0.000341657)), (2, (5, 0.000419588, 0.000109365, 0.000529377)), (2, (6, 0.000192201, 5.2736e-5, 0.000245129)), (2, (7, 0.000182881, 6.4927e-5, 0.000248017))]), (1248, 16, 0.000664299, [(2, (0, 0.000450128, 1.2255e-5, 0.00046261)), (2, (1, 0.00027783, 2.7617e-5, 0.000305751)), (2, (2, 0.000232417, 8.4947e-5, 0.000317567)), (2, (3, 0.00050185, 0.000121473, 0.000623741)), (2, (4, 0.000277813, 4.1377e-5, 0.0003194)), (2, (5, 0.000380921, 6.7335e-5, 0.000448476)), (2, (6, 0.000242557, 5.4179e-5, 0.000296952)), (2, (7, 0.000246443, 0.00012143, 0.000368058))]), (1264, 16, 0.000660986, [(2, (0, 0.000353489, 1.284e-5, 0.000366573)), (2, (1, 0.000255537, 6.4357e-5, 0.000320134)), (2, (2, 0.000196664, 2.5755e-5, 0.000222635)), (2, (3, 0.000205757, 0.000130702, 0.000336649)), (2, (4, 0.000200164, 5.1465e-5, 0.000251867)), (2, (5, 0.000341377, 0.000198915, 0.000540722)), (2, (6, 0.00025396, 7.5751e-5, 0.000329903)), (2, (7, 0.000361826, 0.000208424, 0.000570622))]), (1280, 16, 0.000516583, [(2, (0, 0.000403167, 5.662e-6, 0.000409063)), (2, (1, 0.00020763, 4.9434e-5, 0.00025731)), (2, (2, 0.00038193, 4.3732e-5, 0.000425936)), (2, (3, 0.00041636, 5.4356e-5, 0.000471475)), (2, (4, 0.000308925, 1.401e-5, 0.000323333)), (2, (5, 0.000266528, 3.521e-5, 0.000302055)), (2, (6, 0.000263985, 2.1986e-5, 0.000286193)), (2, (7, 0.000308465, 4.7166e-5, 0.000355955))]), (1296, 16, 0.000586304, [(2, (0, 0.000232027, 1.1389e-5, 0.000243689)), (2, (1, 0.000312617, 8.4211e-5, 0.000397111)), (2, (2, 0.00021082, 5.5459e-5, 0.000266563)), (2, (3, 0.000358771, 0.000167853, 0.000527393)), (2, (4, 0.000201876, 2.621e-5, 0.000228355)), (2, (5, 0.000330041, 0.000108466, 0.000438721)), (2, (6, 0.000217658, 9.5111e-5, 0.00031308)), (2, (7, 0.00033952, 0.000119564, 0.000459278))]), (1312, 16, 0.000594121, [(2, (0, 0.000172768, 5.042e-6, 0.000177986)), (2, (1, 0.000290095, 7.995e-5, 0.000370303)), (2, (2, 0.000189826, 1.5229e-5, 0.000205268)), (2, (3, 0.000292295, 3.9305e-5, 0.000331893)), (2, (4, 0.000199333, 2.7705e-5, 0.000227284)), (2, (5, 0.000302359, 6.3998e-5, 0.000366565)), (2, (6, 0.000346895, 5.1217e-5, 0.000398392)), (2, (7, 0.00036837, 0.000123205, 0.000492314))]), (1328, 16, 0.000587904, [(2, (0, 0.000193588, 1.3234e-5, 0.000207139)), (2, (1, 0.000228872, 5.3854e-5, 0.000282929)), (2, (2, 0.000218324, 4.2222e-5, 0.000260772)), (2, (3, 0.000219493, 6.8107e-5, 0.000287861)), (2, (4, 0.000306227, 2.9483e-5, 0.000335969)), (2, (5, 0.000366104, 0.000167691, 0.000534039)), (2, (6, 0.000254276, 8.2539e-5, 0.000337036)), (2, (7, 0.000283971, 0.000174348, 0.000458887))]), (1344, 16, 0.000563105, [(2, (0, 0.000341838, 1.3808e-5, 0.000355971)), (2, (1, 0.000298012, 6.2171e-5, 0.000360404)), (2, (2, 0.000257874, 4.8988e-5, 0.000307074)), (2, (3, 0.000341737, 0.000179394, 0.000521608)), (2, (4, 0.00023085, 2.7396e-5, 0.000258444)), (2, (5, 0.00035592, 0.000111955, 0.000468276)), (2, (6, 0.000250966, 7.4705e-5, 0.000325914)), (2, (7, 0.000238333, 0.000120029, 0.000358596))]), (1360, 16, 0.002141836, [(2, (0, 0.000421268, 1.4439e-5, 0.000435971)), (2, (1, 0.000259597, 7.9119e-5, 0.000338982)), (2, (2, 0.000236101, 5.4505e-5, 0.00029087)), (2, (3, 0.000243815, 0.000171018, 0.000415079)), (2, (4, 0.001727248, 2.7756e-5, 0.001755303)), (2, (5, 0.001990783, 6.5952e-5, 0.002057171)), (2, (6, 0.000314316, 4.14e-5, 0.000355971)), (2, (7, 0.00035532, 0.000170747, 0.000526563))]), (1376, 16, 0.000619587, [(2, (0, 0.00037897, 1.2221e-5, 0.000391445)), (2, (1, 0.000231201, 3.0709e-5, 0.000262203)), (2, (2, 0.000398187, 8.8278e-5, 0.000486821)), (2, (3, 0.000248952, 0.000111011, 0.000360248)), (2, (4, 0.000414446, 4.3286e-5, 0.000458015)), (2, (5, 0.000399706, 0.000155034, 0.000555175)), (2, (6, 0.000429213, 6.0327e-5, 0.000489948)), (2, (7, 0.000236066, 7.0541e-5, 0.000306885))]), (1392, 16, 0.000388718, [(2, (0, 0.000195984, 1.23e-5, 0.000208522)), (2, (1, 0.000317132, 5.3827e-5, 0.000371217)), (2, (2, 0.000207165, 4.2462e-5, 0.000249877)), (2, (3, 0.000200737, 6.739e-5, 0.000268484)), (2, (4, 0.000192191, 2.7789e-5, 0.000220207)), (2, (5, 0.000206925, 0.000141497, 0.000348678)), (2, (6, 0.000230709, 0.000122974, 0.00035394)), (2, (7, 0.00019713, 0.000146714, 0.000344133))]), (1408, 16, 0.000347535, [(2, (0, 0.000209505, 1.3071e-5, 0.000222819)), (2, (1, 0.000196543, 1.4756e-5, 0.000211535)), (2, (2, 0.000210964, 7.0462e-5, 0.000281644)), (2, (3, 0.000220433, 7.7591e-5, 0.000298265)), (2, (4, 0.000219535, 4.4155e-5, 0.00026393)), (2, (5, 0.000198853, 6.3908e-5, 0.000262976)), (2, (6, 0.000217745, 5.7892e-5, 0.000275889)), (2, (7, 0.000203743, 7.102e-5, 0.000274964))]), (1424, 16, 0.00045049, [(2, (0, 0.000335286, 1.3133e-5, 0.000348647)), (2, (1, 0.000404661, 2.943e-5, 0.000434334)), (2, (2, 0.000245598, 9.2726e-5, 0.000338544)), (2, (3, 0.000319358, 0.000113488, 0.000433068)), (2, (4, 0.000239056, 4.2715e-5, 0.000282003)), (2, (5, 0.000320626, 6.906e-5, 0.000389918)), (2, (6, 0.000264185, 5.575e-5, 0.000320155)), (2, (7, 0.000292517, 0.00010754, 0.000400296))]), (1440, 16, 0.000528769, [(2, (0, 0.000228135, 1.1548e-5, 0.000239905)), (2, (1, 0.00047778, 2.4489e-5, 0.000502527)), (2, (2, 0.000277726, 5.4383e-5, 0.000332336)), (2, (3, 0.000348024, 6.1361e-5, 0.000409608)), (2, (4, 0.00024011, 3.9187e-5, 0.000279524)), (2, (5, 0.00034143, 5.5028e-5, 0.000396668)), (2, (6, 0.000246957, 3.9876e-5, 0.000287062)), (2, (7, 0.000352307, 5.3856e-5, 0.000406408))]), (1456, 11, 0.000423458, [(2, (0, 0.000193344, 1.2078e-5, 0.000205638)), (2, (1, 0.000276632, 0.000138276, 0.000415137)), (2, (2, 0.000364172, 2.7177e-5, 0.000391577)), (1, (3, 0.000164407, 0.00015212, 0.000316626)), (1, (4, 0.000108106, 4.2747e-5, 0.000151119)), (1, (5, 0.000227714, 0.000129882, 0.000358056)), (1, (6, 0.000109061, 5.4577e-5, 0.000163843)), (1, (7, 0.000163424, 0.000159909, 0.000323724))]), (1472, 16, 0.000601754, [(2, (0, 0.000218315, 2.3736e-5, 0.000242282)), (2, (1, 0.000234653, 7.1202e-5, 0.000306108)), (2, (2, 0.000301879, 5.4616e-5, 0.000356865)), (2, (3, 0.000253708, 0.000129653, 0.000383632)), (2, (4, 0.000220167, 3.9203e-5, 0.000259595)), (2, (5, 0.000231458, 0.000125739, 0.000357542)), (2, (6, 0.000219755, 8.4906e-5, 0.000304871)), (2, (7, 0.000416194, 9.6151e-5, 0.000512556))]), (1488, 14, 0.000353095, [(2, (0, 0.000217787, 1.4224e-5, 0.000232228)), (2, (1, 0.000232725, 7.3231e-5, 0.000306142)), (2, (2, 0.000254382, 4.2182e-5, 0.0002968)), (2, (3, 0.000244784, 8.774e-5, 0.000334868)), (2, (4, 0.000239827, 5.7877e-5, 0.000297974)), (2, (5, 0.000219355, 0.000113977, 0.000333541)), (1, (6, 0.000117062, 0.000102162, 0.000219463)), (1, (7, 0.000111655, 0.000123474, 0.000235372))]), (1504, 16, 0.000364386, [(2, (0, 0.00022229, 8.5507e-5, 0.000308012)), (2, (1, 0.000180249, 8.9314e-5, 0.000269753)), (2, (2, 0.000216871, 1.5393e-5, 0.000232458)), (2, (3, 0.000225467, 1.6988e-5, 0.000242709)), (2, (4, 0.000218759, 4.319e-5, 0.000262165)), (2, (5, 0.000201245, 7.2154e-5, 0.000273636)), (2, (6, 0.000249549, 4.3419e-5, 0.000293207)), (2, (7, 0.000255777, 5.614e-5, 0.000312142))]), (1520, 16, 0.000587262, [(2, (0, 0.000265246, 1.4389e-5, 0.000279867)), (2, (1, 0.000284778, 1.5989e-5, 0.000301002)), (2, (2, 0.000216351, 0.000157082, 0.00037363)), (2, (3, 0.000352787, 0.000176649, 0.000529812)), (2, (4, 0.000246292, 4.3596e-5, 0.000290138)), (2, (5, 0.000268538, 7.0412e-5, 0.00033914)), (2, (6, 0.000270432, 4.3615e-5, 0.000314259)), (2, (7, 0.000255807, 5.6196e-5, 0.000312198))]), (1536, 16, 0.000392947, [(2, (0, 0.000206781, 1.4343e-5, 0.000221339)), (2, (1, 0.000286088, 3.011e-5, 0.000316416)), (2, (2, 0.000261239, 7.9801e-5, 0.000341257)), (2, (3, 0.000230624, 0.000113526, 0.000344358)), (2, (4, 0.000278327, 4.3295e-5, 0.000321865)), (2, (5, 0.000298015, 6.5743e-5, 0.000363944)), (2, (6, 0.000277176, 5.3692e-5, 0.000331063)), (2, (7, 0.00025709, 0.000109354, 0.000366655))]), (1552, 16, 0.000449497, [(2, (0, 0.000227665, 1.2613e-5, 0.000240484)), (2, (1, 0.000254019, 2.4836e-5, 0.000279056)), (2, (2, 0.000241396, 7.6077e-5, 0.000317712)), (2, (3, 0.000257774, 9.2528e-5, 0.000350509)), (2, (4, 0.000255415, 3.7807e-5, 0.000293431)), (2, (5, 0.000305163, 0.00010965, 0.000415163)), (2, (6, 0.000272965, 5.1756e-5, 0.000324928)), (2, (7, 0.000238497, 6.5306e-5, 0.000304037))]), (1568, 16, 0.000534109, [(2, (0, 0.000243842, 1.1885e-5, 0.000255906)), (2, (1, 0.00040754, 2.5011e-5, 0.000432768)), (2, (2, 0.000268662, 7.6337e-5, 0.000345195)), (2, (3, 0.000245372, 9.054e-5, 0.000336131)), (2, (4, 0.000243663, 3.7519e-5, 0.000281383)), (2, (5, 0.000251595, 9.6177e-5, 0.000347989)), (2, (6, 0.000248959, 4.9729e-5, 0.000298896)), (2, (7, 0.00040919, 6.2493e-5, 0.000471897))]), (1584, 16, 0.00048791, [(2, (0, 0.000223153, 1.2097e-5, 0.000235491)), (2, (1, 0.000429269, 1.3322e-5, 0.000442797)), (2, (2, 0.000268709, 8.1572e-5, 0.000350514)), (2, (3, 0.000370054, 0.00010452, 0.000475162)), (2, (4, 0.000348339, 5.0291e-5, 0.000398948)), (2, (5, 0.000279345, 0.00011933, 0.000398943)), (2, (6, 0.000339266, 5.4816e-5, 0.000394275)), (2, (7, 0.00028102, 8.0754e-5, 0.000362063))]), (1600, 15, 0.000487262, [(2, (0, 0.000391732, 9.3117e-5, 0.00048525)), (2, (1, 0.000272201, 9.1858e-5, 0.000364252)), (2, (2, 0.000251067, 3.8273e-5, 0.000289615)), (2, (3, 0.000291912, 4.5618e-5, 0.000337752)), (2, (4, 0.000307462, 2.2979e-5, 0.000330638)), (2, (5, 0.000271403, 3.2957e-5, 0.000304602)), (2, (6, 0.000276199, 2.4174e-5, 0.000300605)), (1, (7, 0.00012895, 4.9338e-5, 0.000178496))]), (1616, 15, 0.000414658, [(2, (0, 0.000278766, 1.4323e-5, 0.000293331)), (2, (1, 0.000295222, 5.2212e-5, 0.000347626)), (2, (2, 0.000299382, 4.1996e-5, 0.000341637)), (2, (3, 0.000278834, 0.000101296, 0.00038036)), (2, (4, 0.000267996, 2.7854e-5, 0.000296067)), (2, (5, 0.000261713, 8.0999e-5, 0.000342892)), (2, (6, 0.000286591, 7.0293e-5, 0.000357149)), (1, (7, 0.000146607, 9.6924e-5, 0.000243743))]), (1632, 16, 0.000422449, [(2, (0, 0.000249003, 1.2118e-5, 0.000261324)), (2, (1, 0.000264056, 6.7536e-5, 0.000331805)), (2, (2, 0.000257623, 4.1477e-5, 0.000299296)), (2, (3, 0.000251869, 9.6439e-5, 0.000348517)), (2, (4, 0.000249128, 2.8397e-5, 0.000277739)), (2, (5, 0.000258272, 8.2506e-5, 0.00034098)), (2, (6, 0.00025732, 5.5219e-5, 0.000312834)), (2, (7, 0.000241874, 0.000102441, 0.000344525))]), (1648, 16, 0.000436221, [(2, (0, 0.000292223, 2.7748e-5, 0.000320193)), (2, (1, 0.000335598, 6.4821e-5, 0.000400629)), (2, (2, 0.000351365, 6.3566e-5, 0.000415104)), (2, (3, 0.000276928, 0.000132943, 0.000410087)), (2, (4, 0.000293233, 5.0559e-5, 0.000344025)), (2, (5, 0.000298883, 0.000126433, 0.000425533)), (2, (6, 0.000315767, 7.6195e-5, 0.00039215)), (2, (7, 0.000307222, 8.4418e-5, 0.000391837))]), (1664, 16, 0.000448637, [(2, (0, 0.00023971, 1.2212e-5, 0.000252106)), (2, (1, 0.000232402, 1.3984e-5, 0.000246568)), (2, (2, 0.000237181, 8.5707e-5, 0.00032309)), (2, (3, 0.000304351, 0.000103453, 0.000408151)), (2, (4, 0.000227858, 4.4137e-5, 0.000272207)), (2, (5, 0.00023665, 7.1408e-5, 0.000308275)), (2, (6, 0.000249705, 4.4226e-5, 0.000294171)), (2, (7, 0.000263507, 5.7576e-5, 0.000321334))]), (1680, 16, 0.000476803, [(2, (0, 0.000262643, 1.1888e-5, 0.000274747)), (2, (1, 0.000274103, 2.9171e-5, 0.000303472)), (2, (2, 0.000261861, 8.224e-5, 0.00034434)), (2, (3, 0.000304115, 9.5472e-5, 0.000399828)), (2, (4, 0.000252648, 4.2003e-5, 0.000294859)), (2, (5, 0.000296498, 0.000147183, 0.000443992)), (2, (6, 0.000264187, 5.4199e-5, 0.000318606)), (2, (7, 0.000270514, 6.7611e-5, 0.000338305))]), (1696, 16, 0.00062796, [(2, (0, 0.000279628, 1.4768e-5, 0.000294596)), (2, (1, 0.000392629, 5.5918e-5, 0.000448774)), (2, (2, 0.000187061, 2.8074e-5, 0.000215327)), (2, (3, 0.000254117, 0.000103146, 0.000357444)), (2, (4, 0.000265398, 4.2339e-5, 0.000307938)), (2, (5, 0.000477396, 8.3431e-5, 0.000561035)), (2, (6, 0.00025565, 6.982e-5, 0.000325661)), (2, (7, 0.000393294, 0.00011966, 0.000513275))]), (1712, 16, 0.000406329, [(2, (0, 0.000205364, 1.3799e-5, 0.000219392)), (2, (1, 0.000336335, 2.9782e-5, 0.000366444)), (2, (2, 0.000216955, 6.4796e-5, 0.000281945)), (2, (3, 0.000277461, 7.7422e-5, 0.000355075)), (2, (4, 0.000296023, 4.4085e-5, 0.000340304)), (2, (5, 0.000241237, 0.000117236, 0.000358801)), (2, (6, 0.000327535, 5.4879e-5, 0.000382619)), (2, (7, 0.000238481, 6.0616e-5, 0.000299481))]), (1728, 13, 0.000402955, [(2, (0, 0.000274458, 1.5424e-5, 0.000290125)), (2, (1, 0.000292733, 3.3293e-5, 0.000326248)), (2, (2, 0.000256088, 9.4449e-5, 0.000350771)), (2, (3, 0.000248343, 0.00010937, 0.000357934)), (2, (4, 0.000225508, 4.7005e-5, 0.000272733)), (1, (5, 0.000144201, 0.000114873, 0.000259282)), (1, (6, 0.000161339, 5.9672e-5, 0.000221221)), (1, (7, 0.000153052, 7.6923e-5, 0.000230206))]), (1744, 15, 0.0005083, [(2, (0, 0.000228288, 1.285e-5, 0.000241348)), (2, (1, 0.000331479, 5.3324e-5, 0.000387976)), (2, (2, 0.000256468, 2.7184e-5, 0.000283892)), (2, (3, 0.000253763, 6.6661e-5, 0.000323939)), (2, (4, 0.000322383, 4.1377e-5, 0.000364009)), (2, (5, 0.00031409, 9.5797e-5, 0.000410127)), (2, (6, 0.000234948, 8.0689e-5, 0.00031584)), (1, (7, 0.000213814, 0.000116018, 0.000330244))]), (1760, 15, 0.000600387, [(2, (0, 0.000266352, 1.3378e-5, 0.000279975)), (2, (1, 0.000270245, 7.2591e-5, 0.000343046)), (2, (2, 0.000306442, 4.2243e-5, 0.000348927)), (2, (3, 0.000367775, 8.9302e-5, 0.000457334)), (2, (4, 0.000244627, 2.9098e-5, 0.000273959)), (2, (5, 0.000404437, 0.000151395, 0.000556249)), (2, (6, 0.000257837, 5.5876e-5, 0.000313896)), (1, (7, 0.000134582, 0.000157334, 0.000292274))]), (1776, 16, 0.000530475, [(2, (0, 0.000328476, 1.5092e-5, 0.000343826)), (2, (1, 0.000344054, 5.6662e-5, 0.000400966)), (2, (2, 0.000361412, 2.9255e-5, 0.00039091)), (2, (3, 0.000261461, 0.000235041, 0.000497011)), (2, (4, 0.000213485, 4.3459e-5, 0.000257177)), (2, (5, 0.000263251, 0.000150168, 0.000413663)), (2, (6, 0.00030219, 8.298e-5, 0.000385447)), (2, (7, 0.00025927, 0.000169505, 0.000429064))]), (1792, 16, 0.001250402, [(2, (0, 0.00025576, 5.4552e-5, 0.000310543)), (2, (1, 0.000244098, 8.513e-5, 0.000329536)), (2, (2, 0.00024836, 4.7551e-5, 0.000296117)), (2, (3, 0.000249629, 6.9224e-5, 0.000319127)), (2, (4, 0.00024646, 6.9233e-5, 0.000315903)), (2, (5, 0.00023795, 9.2255e-5, 0.000330443)), (2, (6, 0.000273108, 8.2897e-5, 0.00035627)), (2, (7, 0.000988069, 8.8548e-5, 0.001076877))]), (1808, 16, 0.000622021, [(2, (0, 0.000233768, 1.4953e-5, 0.000248938)), (2, (1, 0.000254282, 9.8264e-5, 0.000352934)), (2, (2, 0.000270266, 5.0862e-5, 0.000321374)), (2, (3, 0.000296308, 0.000177764, 0.00047436)), (2, (4, 0.000315208, 3.7739e-5, 0.000353261)), (2, (5, 0.000317854, 0.00013572, 0.000453811)), (2, (6, 0.000215872, 0.000110147, 0.000326283)), (2, (7, 0.000366792, 0.000178255, 0.00054549))]), (1824, 16, 0.000418629, [(2, (0, 0.000357913, 1.4901e-5, 0.000373066)), (2, (1, 0.000252287, 7.0268e-5, 0.000322764)), (2, (2, 0.000320995, 4.3236e-5, 0.000364461)), (2, (3, 0.00024817, 5.6412e-5, 0.00030479)), (2, (4, 0.00035897, 3.0252e-5, 0.000389506)), (2, (5, 0.000254888, 0.000114343, 0.00036949)), (2, (6, 0.000215675, 8.4737e-5, 0.000300671)), (2, (7, 0.000248114, 0.000100962, 0.000349339))]), (1840, 15, 0.000468163, [(2, (0, 0.000265541, 1.5376e-5, 0.000281123)), (2, (1, 0.000280012, 0.000105217, 0.00038544)), (2, (2, 0.000294967, 3.0742e-5, 0.000325938)), (2, (3, 0.000272225, 0.000111224, 0.000383683)), (2, (4, 0.000204712, 4.2182e-5, 0.00024714)), (2, (5, 0.000329607, 8.6742e-5, 0.000416553)), (2, (6, 0.000281882, 5.786e-5, 0.000340004)), (1, (7, 0.000127099, 7.2935e-5, 0.000200244))]), (1856, 16, 0.000389831, [(2, (0, 0.000271245, 1.6924e-5, 0.000288416)), (2, (1, 0.000244988, 5.7584e-5, 0.000302774)), (2, (2, 0.000222183, 4.6428e-5, 0.000268851)), (2, (3, 0.000311104, 7.1258e-5, 0.000382604)), (2, (4, 0.000263128, 3.3557e-5, 0.00029697)), (2, (5, 0.000238056, 9.8951e-5, 0.000337217)), (2, (6, 0.000235393, 8.4922e-5, 0.000320525)), (2, (7, 0.0002371, 0.000104911, 0.00034222))]), (1872, 16, 0.000432755, [(2, (0, 0.000252402, 1.3706e-5, 0.000266331)), (2, (1, 0.000207773, 1.5356e-5, 0.00022334)), (2, (2, 0.000244097, 4.3309e-5, 0.000287625)), (2, (3, 0.000229747, 4.3928e-5, 0.000273882)), (2, (4, 0.000265602, 5.8202e-5, 0.000324028)), (2, (5, 0.000247384, 6.0588e-5, 0.000308195)), (2, (6, 0.000229028, 5.853e-5, 0.000287803)), (2, (7, 0.000255245, 7.7928e-5, 0.000333615))]), (1888, 16, 0.000413298, [(2, (0, 0.000228295, 1.631e-5, 0.000244826)), (2, (1, 0.000272383, 5.4695e-5, 0.000327283)), (2, (2, 0.0002496, 3.0245e-5, 0.000280064)), (2, (3, 0.00029124, 8.331e-5, 0.000374758)), (2, (4, 0.000214024, 4.4856e-5, 0.000259109)), (2, (5, 0.000217842, 0.0001015, 0.000319553)), (2, (6, 0.000208046, 6.9662e-5, 0.000277967)), (2, (7, 0.000194042, 9.4855e-5, 0.000289109))]), (1904, 16, 0.000467775, [(2, (0, 0.000229294, 1.4465e-5, 0.00024399)), (2, (1, 0.000317513, 5.4058e-5, 0.000371789)), (2, (2, 0.000238458, 3.9741e-5, 0.000278408)), (2, (3, 0.000302239, 0.000117602, 0.00042022)), (2, (4, 0.000182822, 2.7896e-5, 0.000210922)), (2, (5, 0.000240835, 9.5565e-5, 0.000336612)), (2, (6, 0.00021939, 6.7953e-5, 0.000287537)), (2, (7, 0.000214659, 8.0803e-5, 0.000295676))]), (1920, 16, 0.00063657, [(2, (0, 0.000481494, 1.5656e-5, 0.000497457)), (2, (1, 0.000199865, 5.9477e-5, 0.000259538)), (2, (2, 0.000228253, 4.3363e-5, 0.000271841)), (2, (3, 0.000195781, 0.00014416, 0.000340138)), (2, (4, 0.000464096, 3.1125e-5, 0.000495442)), (2, (5, 0.000342955, 0.000126939, 0.000470174)), (2, (6, 0.00047244, 0.000117632, 0.000590452)), (2, (7, 0.000307098, 0.000156924, 0.000464212))]), (1936, 16, 0.000725607, [(2, (0, 0.000295581, 7.096e-6, 0.000303011)), (2, (1, 0.000280201, 0.000111073, 0.000391539)), (2, (2, 0.000386677, 5.9327e-5, 0.000446253)), (2, (3, 0.00031348, 0.000127247, 0.000441059)), (2, (4, 0.000265316, 7.861e-6, 0.000273426)), (2, (5, 0.000409754, 0.000266204, 0.00067644)), (2, (6, 0.000249393, 4.6193e-5, 0.000295844)), (2, (7, 0.000365353, 0.000102148, 0.000467888))]), (1952, 16, 0.000521228, [(2, (0, 0.000347617, 1.4496e-5, 0.000362328)), (2, (1, 0.000305263, 3.0437e-5, 0.000335954)), (2, (2, 0.00025812, 0.000124789, 0.000383181)), (2, (3, 0.000296583, 0.000183066, 0.000480095)), (2, (4, 0.000281931, 4.3997e-5, 0.000326152)), (2, (5, 0.000247375, 0.000141142, 0.00038881)), (2, (6, 0.000198639, 5.8716e-5, 0.000257539)), (2, (7, 0.000239318, 0.000111364, 0.000350963))]), (1968, 15, 0.000403906, [(2, (0, 0.000288611, 1.5911e-5, 0.000304766)), (2, (1, 0.000287877, 5.8637e-5, 0.000346798)), (2, (2, 0.000229666, 4.3682e-5, 0.000273565)), (2, (3, 0.000213785, 0.000108226, 0.000322337)), (2, (4, 0.000222267, 3.0483e-5, 0.000252993)), (2, (5, 0.000225911, 0.000100086, 0.000326216)), (2, (6, 0.000201861, 7.243e-5, 0.000274509)), (1, (7, 0.000236237, 8.632e-5, 0.000322775))]), (1984, 16, 0.000349015, [(2, (0, 0.000179579, 1.2737e-5, 0.000192538)), (2, (1, 0.000248377, 1.4716e-5, 0.000263309)), (2, (2, 0.000250368, 7.9198e-5, 0.000329806)), (2, (3, 0.000216033, 8.6065e-5, 0.00030234)), (2, (4, 0.00021336, 3.9249e-5, 0.000252841)), (2, (5, 0.000230217, 5.2296e-5, 0.000282708)), (2, (6, 0.000185851, 3.9246e-5, 0.000225292)), (2, (7, 0.00020667, 6.4437e-5, 0.000271322))]), (2000, 16, 0.000461392, [(2, (0, 0.000213314, 1.4736e-5, 0.000228259)), (2, (1, 0.000285437, 2.9681e-5, 0.000315326)), (2, (2, 0.000215009, 8.3563e-5, 0.000298811)), (2, (3, 0.000230197, 9.5998e-5, 0.000326409)), (2, (4, 0.000291932, 4.2226e-5, 0.000334367)), (2, (5, 0.000265494, 6.8663e-5, 0.000334391)), (2, (6, 0.000293129, 5.4855e-5, 0.000348204)), (2, (7, 0.000278933, 0.000100819, 0.00037995))]), (2016, 16, 0.00036123, [(2, (0, 0.000240578, 1.6844e-5, 0.000257633)), (2, (1, 0.000236169, 5.6374e-5, 0.000292742)), (2, (2, 0.000255146, 3.0157e-5, 0.000285495)), (2, (3, 0.00025496, 8.4963e-5, 0.000340137)), (2, (4, 0.000194918, 4.3965e-5, 0.000239082)), (2, (5, 0.000222358, 0.000106378, 0.00032895)), (2, (6, 0.000218952, 7.1336e-5, 0.000290508)), (2, (7, 0.000251806, 9.9815e-5, 0.00035183))]), (2032, 16, 0.000323489, [(2, (0, 0.000229309, 5.837e-6, 0.000235332)), (2, (1, 0.000274135, 7.56e-6, 0.000281915)), (2, (2, 0.00024779, 7.077e-6, 0.000255083)), (2, (3, 0.000238316, 8.475e-6, 0.000247009)), (2, (4, 0.000265499, 6.642e-6, 0.000272332)), (2, (5, 0.000283133, 7.84e-6, 0.000291187)), (2, (6, 0.000232715, 7.757e-6, 0.000240672)), (2, (7, 0.000213555, 7.911e-6, 0.000221578))]), (2048, 14, 0.000526339, [(2, (0, 0.000202457, 2.3752e-5, 0.000226417)), (2, (1, 0.000398419, 6.8925e-5, 0.000467715)), (2, (2, 0.000280388, 4.699e-5, 0.000327585)), (2, (3, 0.000272974, 4.9114e-5, 0.000322269)), (2, (4, 0.000262168, 7.9429e-5, 0.00034183)), (2, (5, 0.000423251, 4.85e-5, 0.000472019)), (1, (6, 0.000287985, 9.8782e-5, 0.000387155)), (1, (7, 0.000185949, 0.000115931, 0.000302093))]), (2064, 16, 0.000417155, [(2, (0, 0.000216328, 6.795e-6, 0.000223352)), (2, (1, 0.000299813, 2.3211e-5, 0.00032322)), (2, (2, 0.000248182, 1.3134e-5, 0.000261543)), (2, (3, 0.00025454, 1.8228e-5, 0.000272959)), (2, (4, 0.000244182, 8.79e-6, 0.000253173)), (2, (5, 0.00033023, 4.0927e-5, 0.000371868)), (2, (6, 0.000253355, 2.9419e-5, 0.000283054)), (2, (7, 0.000233211, 5.965e-5, 0.000293112))]), (2080, 16, 0.000545839, [(2, (0, 0.00031957, 1.4981e-5, 0.000334804)), (2, (1, 0.000267976, 5.9263e-5, 0.000327442)), (2, (2, 0.00028738, 4.7378e-5, 0.000335013)), (2, (3, 0.000401535, 9.9994e-5, 0.000501803)), (2, (4, 0.000303353, 3.1022e-5, 0.000334592)), (2, (5, 0.000232157, 8.563e-5, 0.000318004)), (2, (6, 0.000361197, 7.3655e-5, 0.000435147)), (2, (7, 0.000281124, 0.000107219, 0.000388589))]), (2096, 16, 0.000495511, [(2, (0, 0.000258039, 1.4878e-5, 0.000273123)), (2, (1, 0.000272648, 2.9549e-5, 0.000302401)), (2, (2, 0.000208693, 8.4175e-5, 0.00029309)), (2, (3, 0.000244151, 0.000100289, 0.000344691)), (2, (4, 0.00024093, 4.284e-5, 0.000284048)), (2, (5, 0.000224832, 6.9651e-5, 0.000294687)), (2, (6, 0.000351005, 5.6061e-5, 0.000407267)), (2, (7, 0.000322582, 0.000116573, 0.000439606))]), (2112, 16, 0.00049093, [(2, (0, 0.000210392, 1.46e-5, 0.000225235)), (2, (1, 0.000260581, 1.6435e-5, 0.00027721)), (2, (2, 0.00025053, 8.5993e-5, 0.000336723)), (2, (3, 0.000333347, 0.000112311, 0.000446513)), (2, (4, 0.000280165, 4.3821e-5, 0.000324163)), (2, (5, 0.000222705, 7.2674e-5, 0.000295645)), (2, (6, 0.000327643, 4.4296e-5, 0.000372185)), (2, (7, 0.000250223, 5.9931e-5, 0.00031041))]), (2128, 16, 0.000462127, [(2, (0, 0.000205562, 1.4576e-5, 0.000220387)), (2, (1, 0.000293752, 7.2484e-5, 0.000366457)), (2, (2, 0.000266017, 4.2475e-5, 0.000308702)), (2, (3, 0.000236054, 5.7826e-5, 0.000294099)), (2, (4, 0.000275283, 3.1309e-5, 0.000306833)), (2, (5, 0.000307043, 0.000102734, 0.000410039)), (2, (6, 0.000244387, 8.5478e-5, 0.000330061)), (2, (7, 0.000296221, 0.000118441, 0.000415047))]), (2144, 16, 0.000464353, [(2, (0, 0.000189077, 1.5324e-5, 0.000204612)), (2, (1, 0.000237619, 2.9048e-5, 0.000266877)), (2, (2, 0.000244783, 5.5038e-5, 0.000300038)), (2, (3, 0.00029076, 5.5673e-5, 0.00034666)), (2, (4, 0.000274265, 6.3232e-5, 0.000337689)), (2, (5, 0.000245529, 7.3696e-5, 0.000319478)), (2, (6, 0.000241888, 6.8351e-5, 0.000310448)), (2, (7, 0.00031285, 7.0458e-5, 0.000383548))]), (2160, 16, 0.000551998, [(2, (0, 0.000203213, 1.3901e-5, 0.000217328)), (2, (1, 0.000417297, 2.9721e-5, 0.000447252)), (2, (2, 0.000253564, 8.5615e-5, 0.000339401)), (2, (3, 0.000391881, 0.000106141, 0.000498252)), (2, (4, 0.000317697, 4.4054e-5, 0.000361986)), (2, (5, 0.000224292, 7.0492e-5, 0.000294977)), (2, (6, 0.000289681, 5.7049e-5, 0.000346973)), (2, (7, 0.000260333, 0.000144569, 0.000405269))]), (2176, 14, 0.000519357, [(2, (0, 0.000183527, 3.9006e-5, 0.00022274)), (2, (1, 0.000230691, 9.9566e-5, 0.000330482)), (2, (2, 0.000236151, 0.000244863, 0.000481274)), (2, (3, 0.000240364, 0.000252125, 0.000492697)), (2, (4, 0.00020672, 1.9262e-5, 0.00022629)), (2, (5, 0.000239943, 5.8242e-5, 0.000298469)), (1, (6, 0.00011376, 2.8181e-5, 0.000142134)), (1, (7, 0.000110082, 8.49e-5, 0.000195244))]), (2192, 16, 0.000360148, [(2, (0, 0.00017278, 1.2858e-5, 0.000185856)), (2, (1, 0.000180637, 1.5744e-5, 0.000196701)), (2, (2, 0.000170404, 6.242e-5, 0.000233035)), (2, (3, 0.000183519, 8.9093e-5, 0.000272921)), (2, (4, 0.000180164, 4.4636e-5, 0.00022501)), (2, (5, 0.000196285, 5.4714e-5, 0.000251202)), (2, (6, 0.000190378, 4.8811e-5, 0.000239439)), (2, (7, 0.000179781, 6.4541e-5, 0.000244533))]), (2208, 16, 0.000551169, [(2, (0, 0.000204049, 1.5481e-5, 0.000219767)), (2, (1, 0.000381225, 1.7419e-5, 0.000398898)), (2, (2, 0.000315748, 8.9987e-5, 0.00040594)), (2, (3, 0.000398882, 0.000111505, 0.000510793)), (2, (4, 0.000263462, 4.7877e-5, 0.000311557)), (2, (5, 0.000257808, 7.5734e-5, 0.00033379)), (2, (6, 0.000284243, 4.8559e-5, 0.000333049)), (2, (7, 0.000319368, 6.2e-5, 0.000381587))]), (2224, 16, 0.000533992, [(2, (0, 0.000210298, 1.5266e-5, 0.000225765)), (2, (1, 0.000229515, 5.3314e-5, 0.000283087)), (2, (2, 0.000230593, 2.8325e-5, 0.000259129)), (2, (3, 0.000256072, 0.000109, 0.000365274)), (2, (4, 0.000206966, 3.9591e-5, 0.000246762)), (2, (5, 0.000191891, 0.000102329, 0.00029444)), (2, (6, 0.000301597, 6.7663e-5, 0.000369486)), (2, (7, 0.000347371, 8.1157e-5, 0.000428751))]), (2240, 16, 0.000368994, [(2, (0, 0.00023479, 1.4916e-5, 0.000249922)), (2, (1, 0.000249031, 5.4993e-5, 0.000304251)), (2, (2, 0.000219874, 4.6354e-5, 0.000266462)), (2, (3, 0.00021236, 9.6864e-5, 0.000309438)), (2, (4, 0.000227515, 2.9062e-5, 0.000256784)), (2, (5, 0.000226844, 8.1205e-5, 0.000308268)), (2, (6, 0.000276285, 6.8472e-5, 0.000344981)), (2, (7, 0.000230667, 0.000101061, 0.000331905))]), (2256, 16, 0.000407178, [(2, (0, 0.000192108, 1.7072e-5, 0.000209412)), (2, (1, 0.000223867, 7.2362e-5, 0.000296427)), (2, (2, 0.00024652, 4.5084e-5, 0.000291828)), (2, (3, 0.00023768, 0.000115918, 0.000353823)), (2, (4, 0.00025927, 3.1652e-5, 0.000291109)), (2, (5, 0.000276125, 8.6152e-5, 0.000362493)), (2, (6, 0.000242422, 5.8052e-5, 0.0003007)), (2, (7, 0.000199501, 0.000100651, 0.000300367))]), (2272, 16, 0.000520368, [(2, (0, 0.00020286, 1.3428e-5, 0.000216501)), (2, (1, 0.000266082, 6.909e-5, 0.000335399)), (2, (2, 0.000434746, 4.1474e-5, 0.00047655)), (2, (3, 0.00030845, 5.4643e-5, 0.000363316)), (2, (4, 0.000298693, 2.7929e-5, 0.000326842)), (2, (5, 0.000295504, 0.000151973, 0.00044784)), (2, (6, 0.00025421, 9.1284e-5, 0.000345711)), (2, (7, 0.000264587, 0.0001065, 0.0003713))]), (2288, 16, 0.000529121, [(2, (0, 0.000330396, 1.4122e-5, 0.000344769)), (2, (1, 0.000224281, 3.5516e-5, 0.00026)), (2, (2, 0.000257095, 5.4173e-5, 0.000311521)), (2, (3, 0.000356353, 7.0373e-5, 0.00042697)), (2, (4, 0.000223033, 6.7139e-5, 0.000290377)), (2, (5, 0.000275638, 0.000148123, 0.000424546)), (2, (6, 0.000352081, 7.6993e-5, 0.000429441)), (2, (7, 0.000392772, 8.3274e-5, 0.000476435))]), (2304, 16, 0.00040096, [(2, (0, 0.000213241, 2.0401e-5, 0.00023383)), (2, (1, 0.000229138, 0.000107759, 0.000337155)), (2, (2, 0.000207603, 3.5593e-5, 0.000243388)), (2, (3, 0.000211381, 7.9071e-5, 0.000290654)), (2, (4, 0.000226907, 4.8451e-5, 0.000275571)), (2, (5, 0.0002093, 9.2676e-5, 0.000302183)), (2, (6, 0.000173254, 6.5224e-5, 0.000238833)), (2, (7, 0.000207239, 0.000115888, 0.000323347))]), (2320, 16, 0.000440189, [(2, (0, 0.000182993, 1.4084e-5, 0.000197289)), (2, (1, 0.00023928, 7.1137e-5, 0.000310681)), (2, (2, 0.000203696, 4.3917e-5, 0.000247848)), (2, (3, 0.000285046, 0.000105395, 0.000390678)), (2, (4, 0.000244223, 3.0009e-5, 0.000274456)), (2, (5, 0.00022747, 8.5009e-5, 0.000312682)), (2, (6, 0.000250802, 5.8419e-5, 0.000309454)), (2, (7, 0.000220211, 9.8197e-5, 0.000318629))]), (2336, 16, 0.000423282, [(2, (0, 0.000213352, 1.3838e-5, 0.00022744)), (2, (1, 0.000216212, 6.7996e-5, 0.000287544)), (2, (2, 0.000300127, 4.0375e-5, 0.000340724)), (2, (3, 0.000213619, 5.2471e-5, 0.000266318)), (2, (4, 0.000274803, 2.782e-5, 0.000302796)), (2, (5, 0.00021737, 9.7361e-5, 0.000314932)), (2, (6, 0.000224121, 8.3393e-5, 0.000307713)), (2, (7, 0.000237198, 0.000104114, 0.000341546))]), (2352, 10, 0.000301896, [(2, (0, 0.000216119, 4.1369e-5, 0.000257692)), (2, (1, 0.000224791, 5.5236e-5, 0.00028025)), (1, (2, 0.000135857, 9.1921e-5, 0.000228048)), (1, (3, 0.000171266, 9.0335e-5, 0.000261807)), (1, (4, 0.00011644, 1.3527e-5, 0.000130212)), (1, (5, 0.00012228, 2.7517e-5, 0.000149965)), (1, (6, 0.000127108, 1.3845e-5, 0.000141143)), (1, (7, 0.000120368, 7.0378e-5, 0.000191001))]), (2368, 16, 0.000409297, [(2, (0, 0.000271066, 1.2368e-5, 0.000283653)), (2, (1, 0.000271887, 1.3851e-5, 0.000285944)), (2, (2, 0.000320982, 5.9563e-5, 0.000380779)), (2, (3, 0.000293295, 6.0041e-5, 0.000353557)), (2, (4, 0.000328982, 7.6869e-5, 0.000406076)), (2, (5, 0.000291564, 9.3895e-5, 0.000388977)), (2, (6, 0.00031182, 6.2267e-5, 0.000374312)), (2, (7, 0.000294992, 6.5035e-5, 0.000360249))]), (2384, 16, 0.000537879, [(2, (0, 0.000285627, 2.0735e-5, 0.000306573)), (2, (1, 0.000257469, 3.0408e-5, 0.000288109)), (2, (2, 0.000291603, 3.716e-5, 0.000328982)), (2, (3, 0.000268377, 3.7826e-5, 0.000306403)), (2, (4, 0.000302259, 5.0902e-5, 0.000353366)), (2, (5, 0.000370864, 5.6181e-5, 0.000427255)), (2, (6, 0.000430676, 5.7987e-5, 0.00048907)), (2, (7, 0.000277144, 5.7801e-5, 0.000335156))]), (2400, 16, 0.000447006, [(2, (0, 0.000282883, 1.2816e-5, 0.000295898)), (2, (1, 0.000246599, 5.1714e-5, 0.000298562)), (2, (2, 0.000284389, 3.9399e-5, 0.000323983)), (2, (3, 0.000199963, 0.000160423, 0.000360594)), (2, (4, 0.000199354, 2.7201e-5, 0.000226797)), (2, (5, 0.000256692, 7.7739e-5, 0.000334639)), (2, (6, 0.000268365, 6.5003e-5, 0.00033358)), (2, (7, 0.000254881, 9.3632e-5, 0.000348737))]), (2416, 16, 0.000437539, [(2, (0, 0.000204189, 1.2433e-5, 0.000216828)), (2, (1, 0.000247371, 6.7152e-5, 0.000314727)), (2, (2, 0.000335235, 2.7845e-5, 0.000363297)), (2, (3, 0.000233538, 0.000100029, 0.000333799)), (2, (4, 0.000216787, 3.9789e-5, 0.000256818)), (2, (5, 0.000203246, 7.8734e-5, 0.000282169)), (2, (6, 0.00028944, 5.3394e-5, 0.000343052)), (2, (7, 0.000263528, 9.3511e-5, 0.000357259))]), (2432, 13, 0.000678235, [(2, (0, 0.000259745, 1.4225e-5, 0.000274195)), (2, (1, 0.000277735, 1.6964e-5, 0.000294962)), (2, (2, 0.000282366, 0.000131108, 0.000413684)), (2, (3, 0.00048725, 0.000146201, 0.000633858)), (2, (4, 0.000254238, 8.3558e-5, 0.000338009)), (1, (5, 0.000145274, 0.000119594, 0.000265144)), (1, (6, 0.000213889, 0.000118408, 0.000332722)), (1, (7, 0.000113619, 0.000129066, 0.000242972))]), (2448, 8, 0.000375114, [(1, (0, 0.000143467, 1.2994e-5, 0.000156714)), (1, (1, 0.000152241, 8.6232e-5, 0.000238663)), (1, (2, 0.000162946, 5.8414e-5, 0.000221547)), (1, (3, 0.000180092, 6.0218e-5, 0.000240574)), (1, (4, 0.000173082, 0.000118782, 0.000292089)), (1, (5, 0.000186769, 0.000144759, 0.000331873)), (1, (6, 0.000166573, 0.00011905, 0.000285842)), (1, (7, 0.000171363, 0.000122539, 0.000294121))]), (2464, 14, 0.000377258, [(2, (0, 0.000307872, 1.3938e-5, 0.000322023)), (2, (1, 0.00032567, 1.5334e-5, 0.000341224)), (2, (2, 0.000262192, 6.316e-5, 0.00032558)), (2, (3, 0.000282897, 6.722e-5, 0.000350335)), (2, (4, 0.000283417, 4.4261e-5, 0.00032793)), (2, (5, 0.000232563, 5.797e-5, 0.000290762)), (1, (6, 0.000199807, 4.7342e-5, 0.000247359)), (1, (7, 9.8752e-5, 7.1003e-5, 0.000169956))]), (2480, 16, 0.000310416, [(2, (0, 0.000228893, 2.0347e-5, 0.000249452)), (2, (1, 0.000207416, 3.0431e-5, 0.000238059)), (2, (2, 0.000243524, 4.1358e-5, 0.000285102)), (2, (3, 0.00021968, 4.9507e-5, 0.000269401)), (2, (4, 0.00021121, 3.5962e-5, 0.000247409)), (2, (5, 0.000208385, 3.6042e-5, 0.000244641)), (2, (6, 0.000217288, 3.6149e-5, 0.000253681)), (2, (7, 0.000195932, 4.5977e-5, 0.000242114))]), (2496, 16, 0.000436056, [(2, (0, 0.000315117, 1.5126e-5, 0.000330466)), (2, (1, 0.000252221, 0.000100905, 0.000353329)), (2, (2, 0.000291328, 4.3056e-5, 0.000334577)), (2, (3, 0.000293521, 7.2228e-5, 0.000365965)), (2, (4, 0.000199745, 3.1291e-5, 0.000231243)), (2, (5, 0.000273232, 0.000106762, 0.000380207)), (2, (6, 0.000243412, 5.9274e-5, 0.00030291)), (2, (7, 0.000215081, 8.5635e-5, 0.000300933))]), (2512, 16, 0.000422852, [(2, (0, 0.000230678, 1.4131e-5, 0.000245017)), (2, (1, 0.000273043, 2.9082e-5, 0.000302342)), (2, (2, 0.000300957, 8.2236e-5, 0.000383413)), (2, (3, 0.000281542, 9.7741e-5, 0.000379523)), (2, (4, 0.000239423, 4.4594e-5, 0.000284238)), (2, (5, 0.000267511, 7.0379e-5, 0.000338087)), (2, (6, 0.000290635, 5.7758e-5, 0.000348603)), (2, (7, 0.000271581, 0.000101702, 0.000373511))]), (2528, 16, 0.000512894, [(2, (0, 0.000261123, 1.1679e-5, 0.00027301)), (2, (1, 0.000314097, 2.6509e-5, 0.000340806)), (2, (2, 0.000285904, 8.1802e-5, 0.000367934)), (2, (3, 0.000315651, 0.000106013, 0.000421879)), (2, (4, 0.00028369, 3.9818e-5, 0.000323699)), (2, (5, 0.000319119, 6.7134e-5, 0.000386444)), (2, (6, 0.0002818, 5.2596e-5, 0.000334615)), (2, (7, 0.000315727, 0.000112183, 0.000428119))]), (2544, 16, 0.000458167, [(2, (0, 0.000298757, 1.4023e-5, 0.000313029)), (2, (1, 0.000314025, 5.4388e-5, 0.000368616)), (2, (2, 0.000298762, 3.9385e-5, 0.000338331)), (2, (3, 0.000275875, 0.000100613, 0.000376715)), (2, (4, 0.000325049, 2.9755e-5, 0.000355043)), (2, (5, 0.000309014, 9.4568e-5, 0.000403814)), (2, (6, 0.000276645, 6.796e-5, 0.000344831)), (2, (7, 0.000277947, 7.9088e-5, 0.000357248))]), (2560, 16, 0.000571383, [(2, (0, 0.000251824, 1.3255e-5, 0.000265261)), (2, (1, 0.000358888, 8.6929e-5, 0.000449098)), (2, (2, 0.000260678, 4.2141e-5, 0.00030303)), (2, (3, 0.00030204, 0.000104427, 0.000406685)), (2, (4, 0.000282253, 2.7063e-5, 0.00030953)), (2, (5, 0.000257234, 0.000129011, 0.000386455)), (2, (6, 0.000282183, 9.1123e-5, 0.000373503)), (2, (7, 0.000237404, 0.000266672, 0.000504175))]), (2576, 16, 0.00047842, [(2, (0, 0.00025872, 1.3878e-5, 0.000272809)), (2, (1, 0.000277749, 5.8867e-5, 0.000336843)), (2, (2, 0.000279874, 4.6333e-5, 0.000326559)), (2, (3, 0.000265607, 0.000117531, 0.000383423)), (2, (4, 0.000270584, 3.2504e-5, 0.000303312)), (2, (5, 0.000272713, 0.000123424, 0.000396352)), (2, (6, 0.000282428, 8.9433e-5, 0.00037215)), (2, (7, 0.000271163, 9.8753e-5, 0.000370148))]), (2592, 16, 0.000542399, [(2, (0, 0.000247968, 1.5861e-5, 0.000264059)), (2, (1, 0.000255937, 5.849e-5, 0.00031467)), (2, (2, 0.000229369, 4.3802e-5, 0.000273439)), (2, (3, 0.000219016, 8.4489e-5, 0.000303725)), (2, (4, 0.000274816, 3.0512e-5, 0.000305536)), (2, (5, 0.000299403, 0.000105593, 0.000405266)), (2, (6, 0.000266202, 7.3166e-5, 0.000339598)), (2, (7, 0.000285722, 0.000166149, 0.000452312))]), (2608, 16, 0.000630896, [(2, (0, 0.000260384, 1.2562e-5, 0.000273199)), (2, (1, 0.000313999, 6.6403e-5, 0.000380611)), (2, (2, 0.000289415, 5.2483e-5, 0.000342127)), (2, (3, 0.000315284, 0.000110292, 0.000425813)), (2, (4, 0.00028147, 2.7458e-5, 0.00034394)), (2, (5, 0.000334174, 9.4845e-5, 0.000429737)), (2, (6, 0.000290813, 8.0817e-5, 0.000371844)), (2, (7, 0.000383685, 0.000157958, 0.000542385))]), (2624, 16, 0.000443188, [(2, (0, 0.000291929, 1.3681e-5, 0.00030581)), (2, (1, 0.000305103, 5.5961e-5, 0.000361269)), (2, (2, 0.000258229, 4.2885e-5, 0.000301369)), (2, (3, 0.000277373, 9.7512e-5, 0.000375114)), (2, (4, 0.000253529, 2.9971e-5, 0.000283707)), (2, (5, 0.000330285, 8.3436e-5, 0.000413916)), (2, (6, 0.000335467, 7.0206e-5, 0.000405882)), (2, (7, 0.00026405, 0.000104629, 0.000368902))]), (2640, 16, 0.000440436, [(2, (0, 0.000277007, 1.3949e-5, 0.00029121)), (2, (1, 0.000345119, 1.5894e-5, 0.00036126)), (2, (2, 0.000257841, 8.0384e-5, 0.000338431)), (2, (3, 0.000302322, 8.8358e-5, 0.000390978)), (2, (4, 0.000299253, 4.2595e-5, 0.00034206)), (2, (5, 0.000300384, 6.7445e-5, 0.000368067)), (2, (6, 0.000306765, 4.2904e-5, 0.00034987)), (2, (7, 0.000295107, 5.3444e-5, 0.000348774))]), (2656, 16, 0.000443162, [(2, (0, 0.000235582, 6.753e-6, 0.000242508)), (2, (1, 0.00027252, 4.7233e-5, 0.000320012)), (2, (2, 0.000246396, 1.8701e-5, 0.000265343)), (2, (3, 0.00025494, 7.5215e-5, 0.000330337)), (2, (4, 0.000212197, 3.258e-5, 0.000244982)), (2, (5, 0.000253496, 9.4833e-5, 0.000348536)), (2, (6, 0.000248176, 6.2109e-5, 0.000310524)), (2, (7, 0.000236154, 8.822e-5, 0.000324579))]), (2672, 16, 0.000573376, [(2, (0, 0.000225846, 1.8345e-5, 0.000244389)), (2, (1, 0.000363766, 2.1374e-5, 0.000385394)), (2, (2, 0.000440304, 4.6099e-5, 0.000486657)), (2, (3, 0.000264688, 9.4166e-5, 0.000359051)), (2, (4, 0.000338755, 0.000134795, 0.000474088)), (2, (5, 0.000288618, 0.000196655, 0.000485511)), (2, (6, 0.000400221, 0.000159829, 0.000560526)), (2, (7, 0.000266544, 0.000160212, 0.000426947))]), (2688, 16, 0.000393721, [(2, (0, 0.000239753, 1.5223e-5, 0.000255231)), (2, (1, 0.000253515, 4.8448e-5, 0.000302276)), (2, (2, 0.000298709, 6.0851e-5, 0.00035977)), (2, (3, 0.000305516, 6.1896e-5, 0.000367648)), (2, (4, 0.000300891, 7.3481e-5, 0.000374663)), (2, (5, 0.000280705, 9.1508e-5, 0.000372427)), (2, (6, 0.000246836, 8.1042e-5, 0.000328101)), (2, (7, 0.000250213, 8.5662e-5, 0.00033609))]), (2704, 16, 0.000594793, [(2, (0, 0.000305471, 1.4448e-5, 0.000320164)), (2, (1, 0.000315155, 3.0893e-5, 0.000346292)), (2, (2, 0.000288398, 8.5325e-5, 0.000373966)), (2, (3, 0.00030934, 9.9792e-5, 0.000409328)), (2, (4, 0.00027848, 4.6275e-5, 0.000325056)), (2, (5, 0.000406865, 0.000147145, 0.000554429)), (2, (6, 0.00040471, 5.7294e-5, 0.000462256)), (2, (7, 0.00028921, 6.9592e-5, 0.00035898))]), (2720, 16, 0.000541759, [(2, (0, 0.000218329, 1.4555e-5, 0.000233103)), (2, (1, 0.000225809, 2.9034e-5, 0.000255074)), (2, (2, 0.000246711, 8.1169e-5, 0.00032816)), (2, (3, 0.0002506, 9.7264e-5, 0.000348079)), (2, (4, 0.000239846, 4.1563e-5, 0.000281642)), (2, (5, 0.000268784, 6.7995e-5, 0.000336992)), (2, (6, 0.000282589, 5.4675e-5, 0.000337467)), (2, (7, 0.000303723, 0.00014171, 0.000446029))]), (2736, 16, 0.000441397, [(2, (0, 0.000251755, 1.5742e-5, 0.000267734)), (2, (1, 0.000296769, 5.4417e-5, 0.000351423)), (2, (2, 0.000220447, 2.9072e-5, 0.000249743)), (2, (3, 0.000222523, 8.1809e-5, 0.000304546)), (2, (4, 0.000269689, 4.2466e-5, 0.00031237)), (2, (5, 0.000234077, 9.6058e-5, 0.000330353)), (2, (6, 0.000263944, 6.8038e-5, 0.000332176)), (2, (7, 0.000259529, 0.000111434, 0.000371173))]), (2752, 16, 0.00050828, [(2, (0, 0.000216151, 1.3903e-5, 0.000230262)), (2, (1, 0.000234136, 5.7516e-5, 0.000291857)), (2, (2, 0.000228872, 2.9017e-5, 0.000258091)), (2, (3, 0.000230618, 7.242e-5, 0.000303273)), (2, (4, 0.000208443, 4.3674e-5, 0.000252343)), (2, (5, 0.00022136, 0.000100647, 0.000322227)), (2, (6, 0.000239597, 8.5593e-5, 0.000325419)), (2, (7, 0.000310916, 0.000107079, 0.000418195))]), (2768, 16, 0.000472058, [(2, (0, 0.000432626, 1.4411e-5, 0.000447257)), (2, (1, 0.000379013, 7.9221e-5, 0.000458427)), (2, (2, 0.000252681, 0.000103673, 0.000356617)), (2, (3, 0.000324353, 0.000101341, 0.000425906)), (2, (4, 0.000367913, 3.0701e-5, 0.000398861)), (2, (5, 0.000323344, 9.4605e-5, 0.00041818)), (2, (6, 0.000291582, 4.1185e-5, 0.000332966)), (2, (7, 0.000324008, 5.4398e-5, 0.000378632))]), (2784, 16, 0.000559367, [(2, (0, 0.00053755, 1.9917e-5, 0.000557697)), (2, (1, 0.000280502, 2.1652e-5, 0.000302376)), (2, (2, 0.00026543, 7.0999e-5, 0.000336669)), (2, (3, 0.000304181, 7.7431e-5, 0.000381837)), (2, (4, 0.000315793, 7.9904e-5, 0.000395916)), (2, (5, 0.0003388, 7.0368e-5, 0.000409411)), (2, (6, 0.000270889, 8.4391e-5, 0.000355476)), (2, (7, 0.000278628, 8.5057e-5, 0.000363895))]), (2800, 16, 0.000948279, [(2, (0, 0.000213615, 1.5429e-5, 0.000229247)), (2, (1, 0.000470225, 9.4511e-5, 0.000565028)), (2, (2, 0.000240883, 7.2428e-5, 0.000313688)), (2, (3, 0.000314161, 0.000167975, 0.000482356)), (2, (4, 0.000323313, 3.277e-5, 0.000356301)), (2, (5, 0.000250512, 0.000176911, 0.000427707)), (2, (6, 0.000769086, 0.000121243, 0.000890598)), (2, (7, 0.000586653, 0.000167318, 0.000754484))]), (2816, 16, 0.000607582, [(2, (0, 0.000230826, 1.7084e-5, 0.000248129)), (2, (1, 0.000268133, 3.1095e-5, 0.000299465)), (2, (2, 0.00023003, 0.000129022, 0.000359296)), (2, (3, 0.000236351, 0.000148764, 0.000385477)), (2, (4, 0.000227504, 4.9694e-5, 0.000277434)), (2, (5, 0.000236706, 0.000113532, 0.000350447)), (2, (6, 0.000246116, 0.000101751, 0.000348101)), (2, (7, 0.000387096, 0.000140223, 0.000527509))]), (2832, 16, 0.000411639, [(2, (0, 0.000323064, 1.5295e-5, 0.000338564)), (2, (1, 0.000266298, 0.000112435, 0.000378948)), (2, (2, 0.000246105, 5.9548e-5, 0.000305905)), (2, (3, 0.000253792, 0.000144065, 0.000398108)), (2, (4, 0.00023491, 3.0769e-5, 0.000265889)), (2, (5, 0.000210596, 0.000125282, 0.000336094)), (2, (6, 0.000262319, 4.3678e-5, 0.000306237)), (2, (7, 0.000231875, 0.000136156, 0.000368247))]), (2848, 16, 0.000539619, [(2, (0, 0.000234721, 1.3641e-5, 0.000248587)), (2, (1, 0.000244151, 1.4392e-5, 0.000258736)), (2, (2, 0.000372728, 0.000103433, 0.000476568)), (2, (3, 0.000259666, 6.2125e-5, 0.000321996)), (2, (4, 0.000245189, 5.5311e-5, 0.000300716)), (2, (5, 0.000254618, 8.4785e-5, 0.000339676)), (2, (6, 0.000236758, 7.0501e-5, 0.000307445)), (2, (7, 0.000281855, 7.0948e-5, 0.000353002))]), (2864, 16, 0.000515511, [(2, (0, 0.000244332, 1.1004e-5, 0.000255545)), (2, (1, 0.000286486, 8.1984e-5, 0.000368799)), (2, (2, 0.000264636, 2.6819e-5, 0.000291691)), (2, (3, 0.000276667, 9.5956e-5, 0.000372833)), (2, (4, 0.000268586, 3.8955e-5, 0.000307772)), (2, (5, 0.000323173, 0.00014099, 0.000464578)), (2, (6, 0.000284339, 5.342e-5, 0.000337997)), (2, (7, 0.000260265, 6.7195e-5, 0.00032768))]), (2880, 16, 0.000632924, [(2, (0, 0.000239444, 1.3893e-5, 0.000253552)), (2, (1, 0.00027795, 5.8424e-5, 0.000336646)), (2, (2, 0.000393335, 4.2243e-5, 0.000435815)), (2, (3, 0.000245757, 0.000109347, 0.000355301)), (2, (4, 0.000259852, 3.0243e-5, 0.00029031)), (2, (5, 0.00026062, 9.5573e-5, 0.000356448)), (2, (6, 0.000281161, 8.1665e-5, 0.000363064)), (2, (7, 0.000366178, 0.000157625, 0.0005243))]), (2896, 16, 0.000510645, [(2, (0, 0.000219302, 1.6223e-5, 0.000235745)), (2, (1, 0.000250873, 7.489e-5, 0.000326053)), (2, (2, 0.000224562, 3.8656e-5, 0.000263449)), (2, (3, 0.000327353, 0.000116948, 0.000444738)), (2, (4, 0.000318615, 5.3209e-5, 0.000372048)), (2, (5, 0.000269622, 0.000139464, 0.000409419)), (2, (6, 0.000247848, 0.000123274, 0.000371342)), (2, (7, 0.000289022, 0.000173575, 0.000462916))]), (2912, 16, 0.000434215, [(2, (0, 0.000270204, 1.3933e-5, 0.000284343)), (2, (1, 0.000277819, 1.5384e-5, 0.000293428)), (2, (2, 0.000281696, 4.9983e-5, 0.00033198)), (2, (3, 0.000268404, 5.0695e-5, 0.000319309)), (2, (4, 0.000289267, 6.0654e-5, 0.000350177)), (2, (5, 0.000294554, 6.7116e-5, 0.000361883)), (2, (6, 0.000264625, 6.2424e-5, 0.000327409)), (2, (7, 0.000255375, 6.8218e-5, 0.000323804))]), (2928, 16, 0.000444406, [(2, (0, 0.000261499, 1.2621e-5, 0.000274345)), (2, (1, 0.000266074, 7.6361e-5, 0.000342683)), (2, (2, 0.00029002, 5.0066e-5, 0.000340322)), (2, (3, 0.000272856, 6.1564e-5, 0.000334643)), (2, (4, 0.000390764, 2.7334e-5, 0.00041838)), (2, (5, 0.000269094, 0.000114679, 0.000384024)), (2, (6, 0.000283826, 9.1042e-5, 0.000375088)), (2, (7, 0.000269189, 0.000106538, 0.000375951))]), (2944, 16, 0.000491183, [(2, (0, 0.000298539, 1.4293e-5, 0.000313047)), (2, (1, 0.000251644, 7.0796e-5, 0.000322654)), (2, (2, 0.000328626, 4.3079e-5, 0.000371933)), (2, (3, 0.000325691, 5.6126e-5, 0.000382036)), (2, (4, 0.000332535, 2.7699e-5, 0.000360476)), (2, (5, 0.00025684, 0.000153934, 0.000410984)), (2, (6, 0.00026678, 8.1463e-5, 0.000348434)), (2, (7, 0.000269423, 9.7281e-5, 0.000366939))]), (2960, 15, 0.000517723, [(2, (0, 0.00024524, 1.3689e-5, 0.000259172)), (2, (1, 0.000265555, 6.3935e-5, 0.00032971)), (2, (2, 0.000300667, 5.0519e-5, 0.000351422)), (2, (3, 0.000339288, 0.000122284, 0.000461929)), (2, (4, 0.000253068, 3.0293e-5, 0.000283622)), (2, (5, 0.000247748, 0.000105065, 0.000353038)), (2, (6, 0.000279551, 7.7916e-5, 0.000357688)), (1, (7, 0.000128176, 8.9499e-5, 0.000217866))])]
[TIMING] scan_lookup: 0.030s (calls=1)
[TIMING] ungapped_extend: 0.017s (calls=106099)
[TIMING] gapped_extend: 0.124s (calls=15292)
[TIMING] traceback_prune: 5.712s (calls=2)
[TIMING] traceback_sort_prelim: 0.000s
[TIMING] traceback_tree_precheck: 0.001s
[TIMING] traceback_start_offsets: 0.000s
[TIMING] traceback_alignment: 0.000s (dp=0.000s greedy=0.000s)
[TIMING] traceback_hsp_build: 0.003s
[TIMING] purge_common_endpoint_pass1: 0.004s
[TIMING] reevaluate_ambiguities: 0.000s
[TIMING] identity_length_test: 0.000s
[TIMING] purge_common_endpoint_pass2: 0.001s
[TIMING] traceback_score_resort: 0.001s
[TIMING] traceback_final_tree_contains: 0.000s
[TIMING] traceback_final_tree_add: 0.001s
[TIMING] traceback_postprocess: 0.000s
[TIMING] traceback_counts: prelim=2975 tree_skipped=224 full_traceback=2751 deleted_evalue_cutoff=0 deleted_reevaluation=4 deleted_identity_length=0 endpoint_pass1_removed=16 endpoint_pass2_removed=2 final_tree_removed=0
[TIMING] traceback_lengths: edit_script_samples=2751 edit_script_max=161 edit_script_median=1.0 alignment_samples=2751 alignment_max=4723 alignment_median=33.0
[TIMING] format_output: 0.011s (calls=1)
[TIMING] search_total: 5.936s
[TIMING] total: 6.017s
[losat-wasi-threads] worker done tid=1
[losat-wasi-threads] worker done tid=7
[losat-wasi-threads] worker done tid=4
[losat-wasi-threads] worker done tid=8
[losat-wasi-threads] worker done tid=2
[losat-wasi-threads] worker done tid=3
[losat-wasi-threads] worker done tid=5
[losat-wasi-threads] worker done tid=6
[losat-wasi-event] {"event":"exited","at_ms":6453.981957,"tid":1,"code":0}
[losat-wasi-event] {"event":"exited","at_ms":6455.019269,"tid":4,"code":0}
[losat-wasi-event] {"event":"exited","at_ms":6455.215725,"tid":7,"code":0}
[losat-wasi-event] {"event":"exited","at_ms":6455.443985,"tid":8,"code":0}
[losat-wasi-event] {"event":"exited","at_ms":6456.457871,"tid":2,"code":0}
[losat-wasi-event] {"event":"exited","at_ms":6456.801171,"tid":6,"code":0}
[losat-wasi-event] {"event":"exited","at_ms":6456.963602,"tid":3,"code":0}
[losat-wasi-event] {"event":"exited","at_ms":6457.093013,"tid":5,"code":0}
