BDT63074.1	BDT63074.1	100.000	897	0	0	1	897	1	897	0.0	1850
BDT63074.1	BDT63154.1	41.379	29	17	0	20	48	1154	1182	0.15	28.1
BDT63074.1	BDT63083.1	22.222	72	51	1	86	157	97	163	2.3	24.3
BDT63074.1	BDT63121.1	30.303	66	37	2	21	86	195	251	6.2	23.1
BDT63074.1	BDT63125.1	34.211	38	21	1	533	566	5579	5616	8.3	22.7
BDT63075.1	BDT63075.1	100.000	1142	0	0	1	1142	1	1142	0.0	2363
BDT63075.1	BDT63162.1	45.652	46	21	2	89	134	753	794	0.36	27.3
BDT63075.1	BDT63133.1	31.579	38	23	1	987	1021	1652	1689	5.4	23.5
BDT63075.1	BDT63112.1	42.308	26	15	0	998	1023	171	196	6.4	23.1
BDT63076.1	BDT63076.1	100.000	109	0	0	1	109	1	109	4.20e-80	224
BDT63076.1	BDT63091.1	27.632	76	39	3	37	99	288	360	0.003	29.3
BDT63076.1	BDT63133.1	25.962	104	46	3	17	94	2159	2257	1.0	21.6
BDT63076.1	BDT63133.1	45.000	20	11	0	57	76	633	652	4.4	19.6
BDT63076.1	BDT63074.1	50.000	16	8	0	51	66	358	373	1.2	21.6
BDT63076.1	BDT63144.1	50.000	16	8	0	79	94	134	149	1.9	20.8
BDT63076.1	BDT63118.1	36.585	41	21	2	54	94	502	537	3.0	20.0
BDT63076.1	BDT63124.1	37.209	43	26	1	10	51	1467	1509	3.0	20.4
BDT63076.1	BDT63153.1	30.769	52	27	2	57	99	46	97	3.3	20.0
BDT63076.1	BDT63141.1	38.095	21	13	0	76	96	908	928	3.9	20.0
BDT63076.1	BDT63132.1	41.667	12	7	0	37	48	80	91	9.7	18.9
BDT63077.1	BDT63077.1	100.000	270	0	0	1	270	1	270	0.0	546
BDT63077.1	BDT63078.1	40.385	52	19	1	155	194	36	87	6.08e-05	35.0
BDT63077.1	BDT63161.1	40.541	37	22	0	27	63	129	165	0.005	30.8
BDT63077.1	BDT63161.1	37.838	37	23	0	194	230	129	165	0.024	28.5
BDT63077.1	BDT63161.1	64.706	17	6	0	38	54	95	111	0.62	24.3
BDT63077.1	BDT63161.1	64.706	17	6	0	205	221	95	111	2.2	22.3
BDT63077.1	BDT63110.1	47.619	21	11	0	151	171	191	211	1.6	23.1
BDT63077.1	BDT63100.1	30.769	26	16	1	40	65	84	107	7.5	20.0
BDT63078.1	BDT63078.1	100.000	130	0	0	1	130	1	130	1.27e-97	270
BDT63078.1	BDT63077.1	40.385	52	19	1	36	87	155	194	2.93e-05	35.0
BDT63078.1	BDT63136.1	38.235	34	16	2	69	102	910	938	0.033	26.6
BDT63078.1	BDT63125.1	25.490	51	38	0	2	52	5351	5401	5.6	20.0
BDT63078.1	BDT63110.1	35.135	37	21	2	33	66	192	228	5.9	19.6
BDT63078.1	BDT63161.1	33.333	33	16	1	77	109	609	635	7.9	19.2
BDT63079.1	BDT63079.1	100.000	2019	0	0	1	2019	1	2019	0.0	4180
BDT63079.1	BDT63083.1	30.682	88	52	4	621	707	274	353	0.021	32.0
BDT63079.1	BDT63083.1	41.379	29	15	1	140	168	250	276	6.0	24.3
BDT63079.1	BDT63154.1	29.907	107	58	4	518	614	116	215	0.76	27.3
BDT63079.1	BDT63120.1	30.508	59	36	2	86	142	715	770	5.1	24.3
BDT63079.1	BDT63156.1	34.146	41	27	0	812	852	432	472	7.8	23.9
BDT63080.1	BDT63080.1	100.000	828	0	0	1	828	1	828	0.0	1688
BDT63080.1	BDT63147.1	27.692	65	42	1	144	203	585	649	0.27	27.3
BDT63080.1	BDT63150.1	40.000	40	17	1	606	638	1176	1215	0.48	26.6
BDT63080.1	BDT63097.1	43.750	32	18	0	74	105	8	39	0.66	25.8
BDT63080.1	BDT63100.1	30.000	40	20	1	776	807	44	83	2.1	23.5
BDT63080.1	BDT63136.1	33.333	45	27	1	357	398	251	295	3.5	23.5
BDT63080.1	BDT63124.1	44.000	25	11	1	566	587	2249	2273	7.4	22.7
BDT63080.1	BDT63110.1	31.818	44	29	1	495	538	994	1036	8.7	22.3
BDT63080.1	BDT63137.1	35.294	34	21	1	460	493	186	218	9.3	22.3
BDT63081.1	BDT63081.1	100.000	598	0	0	1	598	1	598	0.0	1212
BDT63081.1	BDT63136.1	32.653	49	31	1	363	411	22	68	0.45	26.2
BDT63081.1	BDT63121.1	33.333	45	30	0	310	354	260	304	0.70	25.4
BDT63081.1	BDT63138.1	33.333	39	26	0	386	424	628	666	1.7	24.3
BDT63081.1	BDT63138.1	26.829	82	53	2	376	450	72	153	8.6	21.9
BDT63081.1	BDT63104.1	33.333	36	24	0	319	354	1332	1367	6.2	22.3
BDT63081.1	BDT63109.1	34.694	49	25	2	233	281	316	357	6.9	22.3
BDT63081.1	BDT63147.1	27.941	68	40	2	14	72	650	717	7.8	21.9
BDT63082.1	BDT63082.1	100.000	1399	0	0	1	1399	1	1399	0.0	2862
BDT63082.1	BDT63094.1	26.772	127	73	7	771	887	916	1032	0.30	28.1
BDT63082.1	BDT63094.1	33.333	39	25	1	209	247	858	895	8.2	23.1
BDT63082.1	BDT63112.1	50.000	28	10	1	784	811	668	691	1.6	25.4
BDT63082.1	BDT63136.1	40.476	42	25	0	1147	1188	697	738	4.3	24.3
BDT63082.1	BDT63124.1	52.941	17	8	0	754	770	3595	3611	5.7	23.9
BDT63082.1	BDT63132.1	50.000	28	14	0	111	138	273	300	7.6	23.1
BDT63082.1	BDT63130.1	40.625	32	17	1	390	421	448	477	8.6	23.1
BDT63082.1	BDT63125.1	40.741	27	16	0	152	178	4032	4058	9.4	23.1
BDT63083.1	BDT63083.1	100.000	612	0	0	1	612	1	612	0.0	1251
BDT63083.1	BDT63079.1	30.682	88	52	4	274	353	621	707	0.006	32.3
BDT63083.1	BDT63079.1	41.379	29	15	1	250	276	140	168	1.8	24.3
BDT63083.1	BDT63146.1	35.294	34	22	0	490	523	76	109	0.10	26.9
BDT63083.1	BDT63074.1	22.222	72	51	1	97	163	86	157	1.8	24.3
BDT63083.1	BDT63084.1	55.556	18	8	0	340	357	240	257	2.1	23.9
BDT63083.1	BDT63094.1	32.000	50	33	1	91	140	786	834	2.6	23.5
BDT63083.1	BDT63075.1	33.333	27	18	0	80	106	477	503	5.6	22.7
BDT63083.1	BDT63156.1	28.125	64	35	3	349	411	651	704	5.9	22.3
BDT63083.1	BDT63137.1	32.143	56	20	4	474	527	252	291	7.5	21.9
BDT63083.1	BDT63110.1	31.707	41	26	1	494	534	78	116	9.4	21.9
BDT63083.1	BDT63115.1	47.368	19	10	0	431	449	5	23	9.6	20.0
BDT63083.1	BDT63112.1	25.714	70	43	3	334	400	610	673	10.0	21.6
BDT63084.1	BDT63084.1	100.000	932	0	0	1	932	1	932	0.0	1927
BDT63084.1	BDT63148.1	25.397	63	47	0	26	88	919	981	0.12	28.5
BDT63084.1	BDT63083.1	55.556	18	8	0	240	257	340	357	3.2	23.9
BDT63084.1	BDT63121.1	26.984	63	36	1	120	172	471	533	3.6	23.9
BDT63084.1	BDT63125.1	26.027	73	47	3	851	916	3660	3732	7.8	22.7
BDT63084.1	BDT63079.1	28.571	42	21	2	612	644	1579	1620	8.0	22.7
BDT63085.1	BDT63085.1	100.000	114	0	0	1	114	1	114	5.88e-76	214
BDT63085.1	BDT63097.1	35.714	28	18	0	52	79	129	156	1.9	20.8
BDT63085.1	BDT63154.1	30.769	52	30	2	1	52	754	799	3.5	20.0
BDT63085.1	BDT63154.1	27.907	43	30	1	32	73	1422	1464	6.6	19.2
BDT63085.1	BDT63104.1	25.862	58	38	1	48	105	1402	1454	3.8	20.0
BDT63085.1	BDT63104.1	29.630	27	19	0	71	97	1337	1363	6.5	19.2
BDT63085.1	BDT63125.1	50.000	18	9	0	89	106	1329	1346	5.2	19.6
BDT63085.1	BDT63130.1	50.000	12	6	0	79	90	350	361	5.7	19.6
BDT63085.1	BDT63136.1	37.778	45	23	2	30	74	768	807	8.3	18.9
BDT63086.1	BDT63086.1	100.000	265	0	0	1	265	1	265	0.0	549
BDT63086.1	BDT63140.1	34.545	55	30	2	26	78	779	829	0.19	25.8
BDT63086.1	BDT63125.1	37.037	27	17	0	224	250	4630	4656	1.0	23.5
BDT63086.1	BDT63094.1	29.730	37	26	0	106	142	585	621	1.2	23.1
BDT63086.1	BDT63122.1	28.571	35	25	0	2	36	6	40	4.8	20.4
BDT63086.1	BDT63134.1	25.641	39	29	0	30	68	265	303	6.9	20.8
BDT63086.1	BDT63112.1	25.424	59	36	2	199	250	197	254	7.6	20.8
BDT63086.1	BDT63139.1	24.615	65	46	2	26	89	800	862	7.8	20.8
BDT63086.1	BDT63105.1	27.660	47	25	1	123	160	581	627	8.4	20.4
BDT63086.1	BDT63127.1	31.429	35	23	1	228	261	199	233	9.9	20.4
BDT63087.1	BDT63087.1	100.000	182	0	0	1	182	1	182	3.43e-133	364
BDT63087.1	BDT63147.1	29.091	55	28	3	31	82	140	186	4.3	20.8
BDT63087.1	BDT63148.1	57.895	19	7	1	138	155	892	910	5.7	20.4
BDT63087.1	BDT63142.1	38.710	31	17	1	31	59	54	84	5.9	20.4
BDT63088.1	BDT63088.1	100.000	202	0	0	1	202	1	202	1.96e-148	404
BDT63088.1	BDT63094.1	42.857	35	19	1	16	49	211	245	1.1	23.1
BDT63088.1	BDT63094.1	26.531	49	34	1	44	90	611	659	5.4	20.8
BDT63088.1	BDT63150.1	36.000	25	16	0	176	200	519	543	8.2	20.0
BDT63089.1	BDT63089.1	100.000	533	0	0	1	533	1	533	0.0	1083
BDT63089.1	BDT63109.1	22.819	149	83	3	220	353	34	165	0.70	25.0
BDT63089.1	BDT63140.1	23.894	113	68	3	35	135	265	371	0.82	25.0
BDT63089.1	BDT63104.1	37.500	40	20	2	447	481	987	1026	2.9	23.1
BDT63089.1	BDT63111.1	42.857	35	15	2	279	310	264	296	4.4	22.3
BDT63089.1	BDT63135.1	28.070	57	33	2	201	252	351	404	6.0	21.9
BDT63089.1	BDT63156.1	38.182	55	30	3	265	317	968	1020	6.9	21.9
BDT63089.1	BDT63139.1	32.143	28	19	0	418	445	778	805	9.1	21.6
BDT63089.1	BDT63094.1	25.962	104	66	3	49	143	210	311	9.9	21.6
BDT63090.1	BDT63090.1	100.000	182	0	0	1	182	1	182	1.49e-133	365
BDT63090.1	BDT63140.1	44.000	25	14	0	39	63	653	677	1.0	22.7
BDT63090.1	BDT63140.1	22.222	99	61	2	7	105	105	187	2.3	21.6
BDT63090.1	BDT63125.1	32.653	49	25	2	112	153	4930	4977	2.6	21.6
BDT63090.1	BDT63079.1	33.333	30	20	0	109	138	1306	1335	5.2	20.4
BDT63091.1	BDT63091.1	100.000	372	0	0	1	372	1	372	0.0	758
BDT63091.1	BDT63099.1	37.143	35	22	0	80	114	277	311	0.024	28.9
BDT63091.1	BDT63076.1	29.167	72	35	3	292	360	41	99	0.030	27.3
BDT63091.1	BDT63150.1	41.379	29	14	1	336	361	1176	1204	2.6	22.7
BDT63091.1	BDT63118.1	27.632	76	47	2	240	312	295	365	3.0	22.7
BDT63091.1	BDT63098.1	48.000	25	13	0	177	201	402	426	3.9	22.3
BDT63092.1	BDT63092.1	100.000	243	0	0	1	243	1	243	0.0	494
BDT63092.1	BDT63098.1	33.333	27	18	0	208	234	239	265	2.2	22.3
BDT63092.1	BDT63148.1	33.333	33	21	1	131	162	728	760	3.9	21.6
BDT63092.1	BDT63138.1	36.000	25	16	0	195	219	655	679	9.5	20.4
BDT63093.1	BDT63093.1	100.000	85	0	0	1	85	1	85	2.05e-59	169
BDT63093.1	BDT63138.1	34.146	41	26	1	31	70	971	1011	0.90	21.2
BDT63093.1	BDT63079.1	57.143	14	6	0	60	73	1166	1179	2.2	20.0
BDT63093.1	BDT63104.1	33.333	24	16	0	59	82	1138	1161	6.0	18.9
BDT63093.1	BDT63098.1	32.000	25	17	0	19	43	295	319	7.5	18.5
BDT63094.1	BDT63094.1	100.000	1217	0	0	1	1217	1	1217	0.0	2482
BDT63094.1	BDT63133.1	23.140	121	84	3	886	1006	1773	1884	0.028	31.2
BDT63094.1	BDT63082.1	26.772	127	73	7	916	1032	771	887	0.31	27.7
BDT63094.1	BDT63082.1	33.333	39	25	1	858	895	209	247	6.8	23.5
BDT63094.1	BDT63118.1	42.857	35	18	1	304	336	332	366	1.4	25.4
BDT63094.1	BDT63083.1	32.000	50	33	1	786	834	91	140	5.4	23.5
BDT63094.1	BDT63124.1	28.571	56	35	2	25	78	3455	3507	5.8	23.5
BDT63094.1	BDT63138.1	42.424	33	16	1	66	98	1951	1980	6.1	23.5
BDT63094.1	BDT63138.1	30.263	76	51	2	721	796	2108	2181	9.6	22.7
BDT63094.1	BDT63088.1	42.857	35	19	1	211	245	16	49	6.2	23.1
BDT63094.1	BDT63132.1	46.429	28	14	1	586	612	368	395	8.1	23.1
BDT63095.1	BDT63095.1	100.000	220	0	0	1	220	1	220	1.85e-163	443
BDT63095.1	BDT63126.1	38.462	39	18	2	75	113	90	122	3.9	21.2
BDT63095.1	BDT63125.1	45.000	20	11	0	35	54	275	294	5.6	20.8
BDT63095.1	BDT63079.1	38.710	31	18	1	23	52	572	602	7.8	20.4
BDT63096.1	BDT63096.1	100.000	258	0	0	1	258	1	258	0.0	531
BDT63096.1	BDT63138.1	22.857	105	73	2	74	170	34	138	1.5	23.1
BDT63096.1	BDT63075.1	33.846	65	34	3	58	116	2	63	1.6	22.7
BDT63096.1	BDT63125.1	28.169	71	39	3	161	219	153	223	5.6	21.2
BDT63096.1	BDT63141.1	34.375	32	15	1	6	37	1055	1080	6.9	20.8
BDT63097.1	BDT63097.1	100.000	457	0	0	1	457	1	457	0.0	926
BDT63097.1	BDT63075.1	21.477	149	101	5	3	137	284	430	0.26	26.2
BDT63097.1	BDT63139.1	35.484	31	20	0	270	300	38	68	2.0	23.5
BDT63097.1	BDT63147.1	25.532	47	35	0	216	262	850	896	3.8	22.7
BDT63097.1	BDT63085.1	35.714	28	18	0	129	156	52	79	8.7	20.8
BDT63098.1	BDT63098.1	100.000	860	0	0	1	860	1	860	0.0	1787
BDT63098.1	BDT63124.1	35.135	37	20	1	747	783	4198	4230	1.0	25.4
BDT63098.1	BDT63154.1	37.778	45	17	2	224	268	1165	1198	1.6	25.0
BDT63098.1	BDT63138.1	40.000	30	15	1	40	66	1954	1983	3.0	23.9
BDT63098.1	BDT63121.1	38.596	57	28	4	506	560	495	546	3.6	23.5
BDT63098.1	BDT63142.1	27.273	33	24	0	104	136	58	90	6.9	22.3
BDT63098.1	BDT63092.1	33.333	27	18	0	239	265	208	234	7.6	22.3
BDT63098.1	BDT63091.1	48.000	25	13	0	402	426	177	201	9.0	22.3
BDT63099.1	BDT63099.1	100.000	365	0	0	1	365	1	365	0.0	751
BDT63099.1	BDT63091.1	37.143	35	22	0	277	311	80	114	0.024	28.9
BDT63099.1	BDT63106.1	40.541	37	20	1	299	333	202	238	0.042	28.5
BDT63099.1	BDT63106.1	28.155	103	41	5	157	243	202	287	0.88	24.3
BDT63099.1	BDT63104.1	18.182	121	86	1	97	204	1460	1580	0.68	24.6
BDT63099.1	BDT63160.1	24.370	119	64	5	95	192	21	134	0.90	24.3
BDT63099.1	BDT63124.1	30.233	43	29	1	309	350	3381	3423	1.3	23.9
BDT63099.1	BDT63124.1	25.532	47	35	0	111	157	3473	3519	6.6	21.6
BDT63099.1	BDT63103.1	32.500	40	27	0	9	48	36	75	4.6	20.8
BDT63100.1	BDT63100.1	100.000	126	0	0	1	126	1	126	5.75e-94	260
BDT63100.1	BDT63080.1	30.000	40	20	1	44	83	776	807	0.32	23.5
BDT63100.1	BDT63140.1	36.842	19	12	0	42	60	709	727	2.2	20.8
BDT63100.1	BDT63132.1	43.750	16	9	0	30	45	304	319	3.0	20.4
BDT63100.1	BDT63077.1	30.769	26	16	1	84	107	40	65	3.5	20.0
BDT63100.1	BDT63123.1	44.000	25	12	1	26	48	393	417	4.6	20.0
BDT63100.1	BDT63133.1	24.000	25	19	0	64	88	148	172	5.2	20.0
BDT63100.1	BDT63120.1	20.635	63	40	2	16	74	298	354	9.6	18.9
BDT63101.1	BDT63101.1	100.000	287	0	0	1	287	1	287	0.0	573
BDT63101.1	BDT63150.1	44.444	27	15	0	107	133	360	386	2.9	22.3
BDT63101.1	BDT63075.1	37.931	29	18	0	122	150	1008	1036	3.7	21.9
BDT63101.1	BDT63156.1	21.008	119	73	2	70	188	581	678	8.5	20.8
BDT63101.1	BDT63140.1	26.744	86	40	5	48	124	739	810	8.7	20.8
BDT63102.1	BDT63102.1	100.000	208	0	0	1	208	1	208	1.68e-154	420
BDT63102.1	BDT63105.1	30.357	56	35	2	10	62	890	944	0.64	23.5
BDT63102.1	BDT63124.1	37.143	35	22	0	96	130	3589	3623	0.95	23.1
BDT63102.1	BDT63124.1	46.667	30	13	2	174	203	1178	1204	5.5	20.8
BDT63102.1	BDT63124.1	28.767	73	38	2	2	69	3363	3426	9.9	20.0
BDT63102.1	BDT63125.1	35.714	28	18	0	80	107	1504	1531	2.8	21.6
BDT63102.1	BDT63125.1	38.462	26	16	0	76	101	609	634	8.2	20.4
BDT63102.1	BDT63125.1	39.130	23	14	0	4	26	4567	4589	8.9	20.0
BDT63102.1	BDT63154.1	40.909	22	13	0	76	97	766	787	5.0	20.8
BDT63102.1	BDT63110.1	36.667	30	19	0	76	105	757	786	5.9	20.8
BDT63102.1	BDT63162.1	32.500	40	21	1	157	196	522	555	6.2	20.4
BDT63102.1	BDT63075.1	28.070	57	39	2	13	69	122	176	6.8	20.4
BDT63102.1	BDT63074.1	31.250	48	32	1	106	152	177	224	7.9	20.4
BDT63103.1	BDT63103.1	100.000	78	0	0	1	78	1	78	3.18e-54	156
BDT63103.1	BDT63099.1	32.500	40	27	0	36	75	9	48	0.99	20.8
BDT63103.1	BDT63148.1	50.000	22	11	0	16	37	765	786	1.6	20.0
BDT63103.1	BDT63141.1	25.862	58	42	1	20	77	738	794	2.5	19.6
BDT63103.1	BDT63124.1	100.000	7	0	0	11	17	430	436	3.2	19.2
BDT63104.1	BDT63104.1	100.000	1635	0	0	1	1635	1	1635	0.0	3303
BDT63104.1	BDT63138.1	28.571	91	63	1	670	758	644	734	1.7	25.8
BDT63104.1	BDT63125.1	56.250	16	7	0	203	218	2758	2773	2.3	25.4
BDT63104.1	BDT63099.1	18.182	121	86	1	1460	1580	97	204	3.4	24.6
BDT63104.1	BDT63106.1	29.091	55	38	1	574	628	375	428	3.6	24.6
BDT63105.1	BDT63105.1	100.000	1025	0	0	1	1025	1	1025	0.0	2130
BDT63105.1	BDT63139.1	24.176	91	53	1	828	902	316	406	0.48	26.9
BDT63105.1	BDT63123.1	30.303	66	44	1	623	686	228	293	4.1	23.9
BDT63106.1	BDT63106.1	100.000	761	0	0	1	761	1	761	0.0	1561
BDT63106.1	BDT63099.1	40.541	37	20	1	202	238	299	333	0.085	28.5
BDT63106.1	BDT63099.1	28.155	103	41	5	202	287	157	243	2.1	23.9
BDT63106.1	BDT63104.1	29.091	55	38	1	375	428	574	628	1.8	24.6
BDT63106.1	BDT63124.1	23.214	56	33	1	514	569	603	648	1.9	24.3
BDT63106.1	BDT63074.1	22.727	44	29	1	181	224	46	84	5.8	22.7
BDT63106.1	BDT63139.1	35.135	37	22	2	141	175	620	656	6.2	22.7
BDT63107.1	BDT63107.1	100.000	184	0	0	1	184	1	184	5.91e-135	369
BDT63107.1	BDT63084.1	27.500	40	29	0	75	114	293	332	2.8	21.6
BDT63107.1	BDT63078.1	31.818	22	15	0	14	35	4	25	7.2	19.6
BDT63108.1	BDT63108.1	100.000	163	0	0	1	163	1	163	2.14e-118	325
BDT63108.1	BDT63140.1	28.889	45	30	1	27	69	670	714	2.4	21.2
BDT63108.1	BDT63104.1	41.667	24	14	0	53	76	1511	1534	3.1	21.2
BDT63108.1	BDT63091.1	42.105	19	11	0	7	25	249	267	6.7	20.0
BDT63108.1	BDT63150.1	70.000	10	3	0	29	38	853	862	7.8	19.6
BDT63108.1	BDT63141.1	41.176	17	10	0	9	25	400	416	8.7	19.6
BDT63108.1	BDT63105.1	50.000	16	8	0	84	99	263	278	8.8	19.6
BDT63109.1	BDT63109.1	100.000	781	0	0	1	781	1	781	0.0	1613
BDT63109.1	BDT63089.1	22.819	149	83	3	34	165	220	353	1.2	25.0
BDT63109.1	BDT63148.1	27.273	33	24	0	352	384	702	734	6.8	22.7
BDT63109.1	BDT63081.1	34.694	49	25	2	316	357	233	281	8.5	22.3
BDT63110.1	BDT63110.1	100.000	1038	0	0	1	1038	1	1038	0.0	2159
BDT63110.1	BDT63162.1	41.176	34	20	0	476	509	607	640	0.30	27.3
BDT63110.1	BDT63079.1	24.540	163	93	6	206	350	912	1062	6.2	23.1
BDT63110.1	BDT63077.1	47.619	21	11	0	191	211	151	171	6.4	22.7
BDT63110.1	BDT63124.1	41.379	29	16	1	160	188	37	64	6.6	23.1
BDT63110.1	BDT63147.1	30.508	59	41	0	192	250	113	171	7.4	23.1
BDT63110.1	BDT63133.1	22.951	61	45	1	791	849	1669	1729	7.4	23.1
BDT63111.1	BDT63111.1	100.000	368	0	0	1	368	1	368	0.0	758
BDT63111.1	BDT63125.1	27.642	123	63	7	253	362	2088	2197	0.74	24.6
BDT63111.1	BDT63141.1	40.741	27	14	1	293	319	870	894	1.5	23.5
BDT63111.1	BDT63089.1	42.857	35	15	2	264	296	279	310	2.9	22.7
BDT63111.1	BDT63157.1	34.884	43	24	1	111	153	15	53	3.6	21.9
BDT63111.1	BDT63118.1	30.952	42	29	0	190	231	610	651	9.0	21.2
BDT63112.1	BDT63112.1	100.000	927	0	0	1	927	1	927	0.0	1923
BDT63112.1	BDT63123.1	72.326	430	94	2	509	927	353	768	0.0	639
BDT63112.1	BDT63123.1	51.862	376	141	8	31	406	1	336	1.97e-105	339
BDT63112.1	BDT63141.1	52.000	25	9	1	189	213	451	472	0.78	25.8
BDT63112.1	BDT63082.1	50.000	28	10	1	668	691	784	811	0.87	25.8
BDT63112.1	BDT63113.1	43.478	23	13	0	366	388	132	154	2.8	23.9
BDT63112.1	BDT63075.1	42.308	26	15	0	171	196	998	1023	5.7	23.1
BDT63113.1	BDT63113.1	100.000	247	0	0	1	247	1	247	0.0	507
BDT63113.1	BDT63112.1	43.478	23	13	0	132	154	366	388	0.70	23.9
BDT63113.1	BDT63124.1	57.143	14	6	0	188	201	2884	2897	1.4	23.1
BDT63113.1	BDT63151.1	50.000	18	9	0	186	203	118	135	2.2	21.9
BDT63113.1	BDT63104.1	35.484	31	20	0	160	190	540	570	4.1	21.6
BDT63113.1	BDT63109.1	34.286	35	23	0	31	65	341	375	9.4	20.4
BDT63114.1	BDT63114.1	100.000	86	0	0	1	86	1	86	1.41e-62	177
BDT63114.1	BDT63082.1	52.941	17	8	0	27	43	1075	1091	1.5	20.4
BDT63114.1	BDT63082.1	27.027	37	26	1	42	78	770	805	3.9	19.2
BDT63114.1	BDT63130.1	46.667	15	8	0	67	81	212	226	1.7	20.4
BDT63114.1	BDT63120.1	50.000	18	9	0	14	31	596	613	2.2	20.0
BDT63114.1	BDT63125.1	53.333	15	7	0	48	62	6062	6076	3.6	19.6
BDT63114.1	BDT63139.1	24.528	53	40	0	24	76	490	542	4.5	19.2
BDT63114.1	BDT63138.1	33.333	24	16	0	63	86	1600	1623	8.1	18.5
BDT63114.1	BDT63160.1	54.545	11	5	0	46	56	130	140	8.3	18.5
BDT63115.1	BDT63115.1	100.000	59	0	0	1	59	1	59	3.16e-40	119
BDT63115.1	BDT63083.1	47.368	19	10	0	5	23	431	449	0.90	20.0
BDT63115.1	BDT63105.1	41.176	17	10	0	39	55	571	587	1.0	20.0
BDT63115.1	BDT63147.1	22.034	59	42	2	4	59	578	635	3.2	18.5
BDT63115.1	BDT63082.1	57.143	7	3	0	52	58	389	395	3.7	18.5
BDT63115.1	BDT63140.1	31.429	35	22	1	11	43	69	103	3.8	18.5
BDT63115.1	BDT63133.1	52.632	19	8	1	2	20	1825	1842	5.1	18.1
BDT63115.1	BDT63125.1	37.500	32	19	1	7	38	1240	1270	6.4	17.7
BDT63115.1	BDT63125.1	34.375	32	18	2	11	42	4396	4424	7.0	17.7
BDT63115.1	BDT63102.1	29.032	31	21	1	8	37	80	110	8.5	17.3
BDT63116.1	BDT63116.1	100.000	296	0	0	1	296	1	296	0.0	597
BDT63116.1	BDT63125.1	29.825	57	35	3	13	67	2602	2655	3.2	22.3
BDT63116.1	BDT63124.1	28.571	49	34	1	175	222	1991	2039	9.7	20.8
BDT63117.1	BDT63117.1	100.000	1188	0	0	1	1188	1	1188	0.0	2408
BDT63117.1	BDT63124.1	23.529	102	71	2	429	524	4086	4186	7.0	23.1
BDT63117.1	BDT63150.1	33.871	62	33	4	603	657	391	451	9.4	22.7
BDT63118.1	BDT63118.1	100.000	825	0	0	1	825	1	825	0.0	1697
BDT63118.1	BDT63094.1	42.857	35	18	1	332	366	304	336	0.94	25.4
BDT63118.1	BDT63094.1	26.786	112	72	3	94	195	339	450	8.4	22.3
BDT63118.1	BDT63127.1	40.476	42	21	1	358	395	66	107	4.4	23.1
BDT63118.1	BDT63127.1	27.869	61	44	0	331	391	49	109	7.9	22.3
BDT63118.1	BDT63082.1	27.869	61	44	0	363	423	158	218	5.5	23.1
BDT63118.1	BDT63091.1	40.000	25	15	0	341	365	288	312	9.0	22.3
BDT63118.1	BDT63148.1	45.455	22	12	0	494	515	228	249	9.4	22.3
BDT63119.1	BDT63119.1	100.000	224	0	0	1	224	1	224	3.44e-174	471
BDT63119.1	BDT63125.1	43.478	23	13	0	187	209	5244	5266	5.9	20.8
BDT63120.1	BDT63120.1	100.000	859	0	0	1	859	1	859	0.0	1789
BDT63120.1	BDT63136.1	29.032	62	30	3	279	326	869	930	0.26	27.3
BDT63120.1	BDT63079.1	30.508	59	36	2	715	770	86	142	2.2	24.3
BDT63120.1	BDT63154.1	32.558	43	26	1	502	544	1435	1474	2.3	24.3
BDT63120.1	BDT63158.1	31.707	41	28	0	282	322	301	341	3.1	23.9
BDT63120.1	BDT63158.1	33.333	27	18	0	120	146	291	317	8.7	22.3
BDT63120.1	BDT63134.1	32.353	34	23	0	631	664	204	237	5.3	23.1
BDT63120.1	BDT63161.1	34.375	32	21	0	106	137	311	342	8.3	22.3
BDT63121.1	BDT63121.1	100.000	745	0	0	1	745	1	745	0.0	1518
BDT63121.1	BDT63123.1	22.680	97	66	2	656	743	76	172	0.36	26.6
BDT63121.1	BDT63081.1	33.333	45	30	0	260	304	310	354	0.84	25.4
BDT63121.1	BDT63104.1	32.673	101	52	5	11	100	1286	1381	0.96	25.4
BDT63121.1	BDT63104.1	47.619	21	11	0	45	65	881	901	2.9	23.9
BDT63121.1	BDT63125.1	31.818	44	29	1	353	395	5260	5303	1.5	24.6
BDT63121.1	BDT63125.1	27.273	66	43	2	10	75	3045	3105	6.0	22.7
BDT63121.1	BDT63084.1	26.984	63	36	1	471	533	120	172	2.9	23.9
BDT63121.1	BDT63074.1	30.303	66	37	2	195	251	21	86	7.8	22.3
BDT63122.1	BDT63122.1	100.000	78	0	0	1	78	1	78	1.91e-55	159
BDT63122.1	BDT63125.1	34.483	29	15	1	44	68	5613	5641	3.7	19.2
BDT63122.1	BDT63133.1	43.750	16	9	0	56	71	1169	1184	8.3	18.1
BDT63123.1	BDT63123.1	100.000	820	0	0	1	820	1	820	0.0	1719
BDT63123.1	BDT63112.1	72.036	447	100	2	336	768	492	927	0.0	644
BDT63123.1	BDT63112.1	53.906	384	130	10	1	340	31	411	4.05e-109	349
BDT63123.1	BDT63141.1	68.750	16	5	0	137	152	457	472	0.35	26.9
BDT63123.1	BDT63121.1	22.680	97	66	2	76	172	656	743	0.56	26.2
BDT63123.1	BDT63121.1	30.612	49	33	1	647	694	167	215	8.4	22.3
BDT63123.1	BDT63118.1	45.000	40	20	2	32	70	15	53	0.96	25.4
BDT63123.1	BDT63105.1	30.303	66	44	1	228	293	623	686	2.9	23.9
BDT63123.1	BDT63074.1	21.667	60	38	2	317	374	127	179	7.2	22.7
BDT63124.1	BDT63124.1	100.000	4245	0	0	1	4245	1	4245	0.0	8779
BDT63124.1	BDT63098.1	35.135	37	20	1	4198	4230	747	783	5.1	25.4
BDT63125.1	BDT63125.1	100.000	6251	0	0	1	6251	1	6251	0.0	12780
BDT63125.1	BDT63144.1	25.000	100	69	3	5703	5800	86	181	6.1	25.8
BDT63125.1	BDT63104.1	56.250	16	7	0	2758	2773	203	218	9.0	25.4
BDT63125.1	BDT63155.1	34.921	63	33	3	5306	5365	130	187	9.9	25.0
BDT63126.1	BDT63126.1	100.000	336	0	0	1	336	1	336	0.0	691
BDT63126.1	BDT63139.1	30.189	53	28	2	170	222	634	677	4.4	21.9
BDT63126.1	BDT63155.1	38.462	39	19	1	274	307	135	173	5.8	21.2
BDT63126.1	BDT63095.1	38.462	39	18	2	90	122	75	113	6.4	21.2
BDT63127.1	BDT63127.1	100.000	424	0	0	1	424	1	424	0.0	865
BDT63127.1	BDT63079.1	28.333	60	34	2	12	67	1158	1212	5.1	21.9
BDT63127.1	BDT63079.1	37.500	32	19	1	79	110	691	721	9.2	21.2
BDT63127.1	BDT63151.1	29.167	24	17	0	15	38	175	198	8.1	21.2
BDT63128.1	BDT63128.1	100.000	272	0	0	1	272	1	272	0.0	553
BDT63128.1	BDT63138.1	20.000	75	45	2	205	266	309	381	0.83	23.9
BDT63128.1	BDT63082.1	42.105	19	8	1	95	110	416	434	7.0	20.8
BDT63129.1	BDT63129.1	100.000	104	0	0	1	104	1	104	9.53e-76	212
BDT63129.1	BDT63074.1	26.190	42	23	2	2	35	341	382	2.4	20.4
BDT63129.1	BDT63075.1	22.680	97	64	2	13	98	996	1092	2.7	20.4
BDT63129.1	BDT63125.1	32.075	53	34	1	34	86	816	866	3.4	20.0
BDT63130.1	BDT63130.1	100.000	858	0	0	1	858	1	858	0.0	1791
BDT63130.1	BDT63159.1	27.778	36	26	0	410	445	194	229	0.43	26.6
BDT63130.1	BDT63147.1	27.660	47	31	1	178	221	401	447	1.5	25.0
BDT63130.1	BDT63082.1	34.000	50	21	2	448	495	390	429	5.1	23.1
BDT63131.1	BDT63131.1	100.000	74	0	0	1	74	1	74	1.87e-47	139
BDT63131.1	BDT63139.1	42.857	14	8	0	50	63	783	796	1.9	20.0
BDT63131.1	BDT63154.1	32.258	31	21	0	41	71	97	127	4.7	18.9
BDT63131.1	BDT63101.1	60.000	10	4	0	52	61	206	215	5.4	18.5
BDT63131.1	BDT63080.1	32.609	46	25	2	35	74	565	610	6.9	18.1
BDT63132.1	BDT63132.1	100.000	664	0	0	1	664	1	664	0.0	1360
BDT63132.1	BDT63138.1	31.944	72	27	2	59	115	907	971	0.095	28.5
BDT63132.1	BDT63094.1	27.273	66	40	2	368	433	586	643	2.6	23.9
BDT63132.1	BDT63082.1	50.000	28	14	0	273	300	111	138	4.2	23.1
BDT63132.1	BDT63099.1	32.500	40	26	1	7	46	274	312	4.7	22.7
BDT63132.1	BDT63081.1	32.000	75	43	2	356	428	24	92	5.4	22.7
BDT63132.1	BDT63075.1	28.571	28	20	0	8	35	40	67	7.4	22.3
BDT63132.1	BDT63125.1	40.000	20	12	0	244	263	4925	4944	7.6	22.3
BDT63132.1	BDT63124.1	45.161	31	14	1	529	556	3086	3116	7.9	22.3
BDT63133.1	BDT63133.1	100.000	2336	0	0	1	2336	1	2336	0.0	4848
BDT63133.1	BDT63094.1	23.333	120	83	3	1773	1883	886	1005	0.064	30.8
BDT63133.1	BDT63075.1	31.579	38	23	1	1652	1689	987	1021	10.0	23.9
BDT63134.1	BDT63134.1	100.000	785	0	0	1	785	1	785	0.0	1592
BDT63134.1	BDT63148.1	28.283	99	53	5	690	778	181	271	0.14	28.1
BDT63134.1	BDT63120.1	32.353	34	23	0	204	237	631	664	5.6	22.7
BDT63134.1	BDT63136.1	33.333	21	14	0	758	778	846	866	7.6	22.3
BDT63135.1	BDT63135.1	100.000	427	0	0	1	427	1	427	0.0	884
BDT63135.1	BDT63089.1	28.070	57	33	2	351	404	201	252	4.9	21.9
BDT63135.1	BDT63150.1	47.059	17	9	0	219	235	1307	1323	5.0	21.9
BDT63135.1	BDT63140.1	30.769	39	21	2	326	358	557	595	6.1	21.9
BDT63136.1	BDT63136.1	100.000	985	0	0	1	985	1	985	0.0	2029
BDT63136.1	BDT63156.1	27.368	95	52	4	748	841	319	397	0.13	28.5
BDT63136.1	BDT63120.1	29.032	62	30	3	869	930	279	326	0.32	27.3
BDT63136.1	BDT63081.1	32.653	49	31	1	22	68	363	411	0.85	25.8
BDT63136.1	BDT63125.1	27.473	91	50	5	280	364	506	586	1.4	25.4
BDT63136.1	BDT63082.1	40.476	42	25	0	697	738	1147	1188	2.8	24.3
BDT63136.1	BDT63080.1	31.373	51	32	1	245	295	351	398	4.2	23.5
BDT63137.1	BDT63137.1	100.000	440	0	0	1	440	1	440	0.0	903
BDT63137.1	BDT63074.1	29.825	57	37	1	184	240	556	609	2.2	23.1
BDT63137.1	BDT63080.1	35.294	34	21	1	186	218	460	493	3.7	22.7
BDT63137.1	BDT63112.1	30.769	39	26	1	395	432	276	314	4.8	22.3
BDT63137.1	BDT63083.1	32.143	56	20	4	252	291	474	527	5.2	21.9
BDT63137.1	BDT63150.1	75.000	12	3	0	222	233	320	331	7.5	21.6
BDT63137.1	BDT63118.1	37.838	37	23	0	235	271	257	293	7.8	21.6
BDT63138.1	BDT63138.1	100.000	2191	0	0	1	2191	1	2191	0.0	4467
BDT63138.1	BDT63132.1	31.944	72	27	2	907	971	59	115	0.18	29.3
BDT63138.1	BDT63104.1	28.571	91	63	1	644	734	670	758	1.7	26.2
BDT63138.1	BDT63081.1	33.333	39	26	0	628	666	386	424	6.2	24.3
BDT63138.1	BDT63128.1	20.000	75	45	2	309	381	205	266	6.4	23.9
BDT63138.1	BDT63148.1	28.814	59	37	2	77	131	1006	1063	6.4	24.3
BDT63138.1	BDT63098.1	40.000	30	15	1	1954	1983	40	66	9.0	23.9
BDT63139.1	BDT63139.1	100.000	963	0	0	1	963	1	963	0.0	1983
BDT63139.1	BDT63140.1	82.781	935	160	1	21	955	1	934	0.0	1569
BDT63139.1	BDT63105.1	24.176	91	53	1	316	406	828	902	0.50	26.6
BDT63139.1	BDT63158.1	36.364	33	18	2	710	739	142	174	1.3	25.0
BDT63139.1	BDT63125.1	45.000	20	11	0	460	479	1149	1168	3.2	24.3
BDT63139.1	BDT63141.1	33.333	27	18	0	160	186	210	236	6.0	23.1
BDT63139.1	BDT63156.1	30.769	39	27	0	524	562	319	357	8.1	22.7
BDT63139.1	BDT63106.1	35.135	37	22	2	620	656	141	175	8.4	22.7
BDT63139.1	BDT63098.1	40.741	27	16	0	84	110	100	126	9.5	22.3
BDT63140.1	BDT63140.1	100.000	961	0	0	1	961	1	961	0.0	1986
BDT63140.1	BDT63139.1	82.781	935	160	1	1	934	21	955	0.0	1569
BDT63140.1	BDT63086.1	34.545	55	30	2	779	829	26	78	0.42	26.6
BDT63140.1	BDT63089.1	23.894	113	68	3	265	371	35	135	1.5	25.0
BDT63141.1	BDT63141.1	100.000	1258	0	0	1	1258	1	1258	0.0	2625
BDT63141.1	BDT63123.1	68.750	16	5	0	457	472	137	152	0.52	26.9
BDT63141.1	BDT63112.1	52.000	25	9	1	451	472	189	213	1.1	25.8
BDT63141.1	BDT63111.1	40.741	27	14	1	870	894	293	319	4.9	23.5
BDT63141.1	BDT63139.1	33.333	27	18	0	210	236	160	186	7.9	23.1
BDT63142.1	BDT63142.1	100.000	316	0	0	1	316	1	316	0.0	640
BDT63142.1	BDT63149.1	32.558	43	24	2	238	275	201	243	1.6	23.1
BDT63142.1	BDT63152.1	35.714	42	18	1	237	278	146	178	1.8	22.7
BDT63142.1	BDT63150.1	26.667	60	29	2	162	221	690	734	2.0	23.1
BDT63142.1	BDT63098.1	27.273	33	24	0	58	90	104	136	2.4	22.7
BDT63142.1	BDT63125.1	35.714	28	18	0	201	228	350	377	5.6	21.6
BDT63142.1	BDT63087.1	37.500	24	15	0	54	77	31	54	6.6	20.8
BDT63142.1	BDT63160.1	35.088	57	28	4	120	168	10	65	7.5	21.2
BDT63143.1	BDT63143.1	100.000	145	0	0	1	145	1	145	1.64e-103	286
BDT63143.1	BDT63155.1	40.000	20	12	0	14	33	32	51	1.4	21.6
BDT63143.1	BDT63133.1	35.135	37	23	1	82	118	1931	1966	4.0	20.4
BDT63144.1	BDT63144.1	100.000	498	0	0	1	498	1	498	0.0	1011
BDT63144.1	BDT63125.1	25.000	100	69	3	86	181	5703	5800	0.49	25.8
BDT63144.1	BDT63148.1	35.556	45	28	1	317	361	983	1026	2.9	23.1
BDT63144.1	BDT63082.1	40.741	27	12	1	393	415	750	776	3.9	22.7
BDT63144.1	BDT63121.1	47.368	19	10	0	172	190	628	646	4.1	22.7
BDT63144.1	BDT63124.1	23.529	51	36	1	190	240	3542	3589	6.1	21.9
BDT63144.1	BDT63076.1	50.000	16	8	0	134	149	79	94	8.1	20.8
BDT63145.1	BDT63145.1	100.000	314	0	0	1	314	1	314	0.0	647
BDT63145.1	BDT63133.1	52.632	19	9	0	81	99	1801	1819	6.4	21.2
BDT63145.1	BDT63121.1	43.750	16	9	0	127	142	147	162	8.1	20.8
BDT63145.1	BDT63162.1	39.130	23	14	0	273	295	276	298	9.0	20.8
BDT63146.1	BDT63146.1	100.000	133	0	0	1	133	1	133	1.39e-98	272
BDT63146.1	BDT63083.1	35.294	34	22	0	76	109	490	523	0.021	26.9
BDT63146.1	BDT63075.1	57.143	14	6	0	96	109	712	725	4.7	20.0
BDT63146.1	BDT63104.1	42.424	33	13	3	92	118	539	571	5.9	19.6
BDT63146.1	BDT63136.1	29.167	24	17	0	88	111	2	25	7.8	19.2
BDT63146.1	BDT63125.1	32.000	25	17	0	104	128	3014	3038	9.5	19.2
BDT63147.1	BDT63147.1	100.000	1012	0	0	1	1012	1	1012	0.0	2093
BDT63147.1	BDT63094.1	32.407	108	54	7	236	337	1110	1204	0.58	26.6
BDT63147.1	BDT63130.1	27.660	47	31	1	401	447	178	221	1.6	25.0
BDT63147.1	BDT63096.1	25.287	87	64	1	35	121	56	141	2.1	24.3
BDT63147.1	BDT63124.1	43.478	23	13	0	373	395	696	718	4.9	23.5
BDT63147.1	BDT63124.1	34.375	64	24	4	267	323	2192	2244	9.7	22.7
BDT63147.1	BDT63121.1	41.667	36	15	1	211	240	502	537	5.6	23.1
BDT63147.1	BDT63148.1	28.889	45	27	2	121	164	836	876	6.6	23.1
BDT63147.1	BDT63080.1	26.154	65	43	1	585	649	144	203	6.7	23.1
BDT63147.1	BDT63154.1	27.119	59	40	2	755	810	1176	1234	7.9	22.7
BDT63147.1	BDT63079.1	32.203	118	47	9	905	998	976	1084	8.9	22.7
BDT63147.1	BDT63125.1	50.000	22	10	1	369	389	2696	2717	9.5	22.7
BDT63148.1	BDT63148.1	100.000	1275	0	0	1	1275	1	1275	0.0	2605
BDT63148.1	BDT63127.1	39.394	66	30	2	1130	1195	66	121	0.006	33.1
BDT63148.1	BDT63134.1	28.283	99	53	5	181	271	690	778	0.14	28.9
BDT63148.1	BDT63084.1	41.935	31	18	0	951	981	58	88	0.22	28.1
BDT63148.1	BDT63125.1	48.000	25	13	0	1127	1151	2699	2723	1.4	25.8
BDT63148.1	BDT63125.1	28.440	109	65	4	443	543	861	964	2.1	25.0
BDT63148.1	BDT63125.1	47.368	19	10	0	1129	1147	2695	2713	9.5	23.1
BDT63148.1	BDT63124.1	32.075	53	30	2	621	673	3005	3051	2.4	25.0
BDT63148.1	BDT63138.1	28.814	59	37	2	1006	1063	77	131	4.3	23.9
BDT63148.1	BDT63079.1	27.711	83	47	3	1075	1151	657	732	4.5	23.9
BDT63148.1	BDT63133.1	32.812	64	32	3	852	915	1023	1075	4.8	23.9
BDT63148.1	BDT63144.1	35.556	45	28	1	983	1026	317	361	7.4	23.1
BDT63148.1	BDT63147.1	28.889	45	27	2	836	876	121	164	7.9	23.1
BDT63149.1	BDT63149.1	100.000	297	0	0	1	297	1	297	0.0	610
BDT63149.1	BDT63156.1	36.170	47	21	2	206	252	1	38	0.78	24.3
BDT63149.1	BDT63127.1	22.876	153	94	7	110	251	99	238	0.83	23.9
BDT63149.1	BDT63125.1	36.364	88	34	6	108	181	739	818	1.2	23.5
BDT63149.1	BDT63142.1	32.558	43	24	2	201	243	238	275	1.8	22.7
BDT63149.1	BDT63153.1	28.846	52	35	1	149	200	60	109	2.6	21.9
BDT63149.1	BDT63124.1	29.167	72	34	3	147	204	2818	2886	3.8	21.9
BDT63149.1	BDT63124.1	32.353	34	22	1	194	226	2713	2746	4.8	21.6
BDT63149.1	BDT63141.1	24.286	70	42	2	16	85	319	377	4.9	21.6
BDT63149.1	BDT63117.1	50.000	14	7	0	166	179	272	285	5.7	21.2
BDT63150.1	BDT63150.1	100.000	1552	0	0	1	1552	1	1552	0.0	3163
BDT63150.1	BDT63154.1	47.619	21	11	0	40	60	1295	1315	0.46	27.3
BDT63150.1	BDT63080.1	40.000	40	17	1	1176	1215	606	638	0.69	26.9
BDT63150.1	BDT63142.1	26.667	60	29	2	690	734	162	221	9.7	23.1
BDT63151.1	BDT63151.1	100.000	205	0	0	1	205	1	205	4.88e-153	416
BDT63151.1	BDT63133.1	29.630	27	19	0	128	154	1639	1665	0.91	23.1
BDT63151.1	BDT63113.1	50.000	18	9	0	118	135	186	203	2.1	21.6
BDT63151.1	BDT63139.1	28.889	45	30	1	112	154	657	701	5.3	20.8
BDT63151.1	BDT63075.1	29.630	27	19	0	19	45	849	875	8.6	20.0
BDT63151.1	BDT63124.1	41.176	17	10	0	178	194	236	252	9.5	20.0
BDT63151.1	BDT63101.1	35.714	28	18	0	164	191	70	97	9.8	19.6
BDT63151.1	BDT63138.1	50.000	22	7	1	136	157	1892	1909	9.9	20.0
BDT63152.1	BDT63152.1	100.000	283	0	0	1	283	1	283	0.0	571
BDT63152.1	BDT63138.1	30.435	46	31	1	4	48	1304	1349	0.72	24.3
BDT63152.1	BDT63142.1	35.714	42	18	1	146	178	237	278	1.4	23.1
BDT63152.1	BDT63075.1	43.478	23	13	0	259	281	646	668	8.2	20.8
BDT63152.1	BDT63125.1	35.484	31	20	0	249	279	3358	3388	8.7	20.8
BDT63152.1	BDT63125.1	33.333	24	16	0	206	229	3240	3263	9.3	20.8
BDT63152.1	BDT63125.1	40.000	20	12	0	43	62	3843	3862	9.7	20.4
BDT63153.1	BDT63153.1	100.000	228	0	0	1	228	1	228	4.92e-171	463
BDT63153.1	BDT63130.1	27.143	70	44	2	107	169	435	504	0.17	25.8
BDT63153.1	BDT63105.1	36.364	44	20	3	170	212	803	839	2.9	21.9
BDT63153.1	BDT63089.1	34.043	47	18	2	119	152	95	141	5.2	20.8
BDT63153.1	BDT63124.1	35.294	34	19	1	49	82	1164	1194	5.7	20.8
BDT63153.1	BDT63110.1	35.484	31	19	1	143	173	205	234	7.9	20.4
BDT63153.1	BDT63133.1	36.000	25	16	0	137	161	374	398	7.9	20.4
BDT63154.1	BDT63154.1	100.000	1533	0	0	1	1533	1	1533	0.0	3128
BDT63154.1	BDT63074.1	41.379	29	17	0	1154	1182	20	48	0.39	27.7
BDT63154.1	BDT63150.1	47.619	21	11	0	1295	1315	40	60	0.44	27.7
BDT63154.1	BDT63098.1	37.778	45	17	2	1165	1198	224	268	2.6	25.0
BDT63154.1	BDT63079.1	27.397	73	46	2	150	215	542	614	3.0	24.6
BDT63154.1	BDT63120.1	32.558	43	26	1	1435	1474	502	544	3.3	24.6
BDT63154.1	BDT63125.1	36.364	44	27	1	407	450	1207	1249	5.5	23.9
BDT63154.1	BDT63124.1	28.947	38	17	1	1061	1098	2040	2067	7.5	23.5
BDT63155.1	BDT63155.1	100.000	316	0	0	1	316	1	316	0.0	642
BDT63155.1	BDT63125.1	33.333	81	45	4	130	204	5306	5383	0.34	25.4
BDT63155.1	BDT63125.1	58.824	17	7	0	280	296	3123	3139	1.1	23.9
BDT63155.1	BDT63120.1	37.500	48	27	2	264	309	449	495	0.58	24.6
BDT63155.1	BDT63143.1	40.000	20	12	0	32	51	14	33	3.5	21.6
BDT63155.1	BDT63126.1	38.462	39	19	1	135	173	274	307	6.7	21.2
BDT63155.1	BDT63079.1	66.667	9	3	0	80	88	790	798	6.7	21.2
BDT63155.1	BDT63091.1	32.353	34	20	1	200	233	9	39	7.5	20.8
BDT63156.1	BDT63156.1	100.000	1084	0	0	1	1084	1	1084	0.0	2233
BDT63156.1	BDT63136.1	27.368	95	52	4	319	397	748	841	0.15	28.5
BDT63156.1	BDT63159.1	37.143	35	17	1	548	577	421	455	3.0	24.3
BDT63156.1	BDT63079.1	34.146	41	27	0	432	472	812	852	4.1	23.9
BDT63156.1	BDT63139.1	30.769	39	27	0	319	357	524	562	8.8	22.7
BDT63156.1	BDT63124.1	27.027	37	27	0	252	288	618	654	9.4	22.7
BDT63157.1	BDT63157.1	100.000	159	0	0	1	159	1	159	2.16e-119	327
BDT63157.1	BDT63160.1	34.375	32	21	0	107	138	137	168	0.31	23.9
BDT63157.1	BDT63111.1	34.884	43	24	1	15	53	111	153	1.6	21.9
BDT63157.1	BDT63125.1	29.268	41	28	1	80	119	5256	5296	2.5	21.2
BDT63157.1	BDT63148.1	40.000	20	12	0	134	153	686	705	3.3	20.8
BDT63157.1	BDT63132.1	34.884	43	20	2	64	98	256	298	5.0	20.4
BDT63157.1	BDT63101.1	33.333	51	27	3	34	79	137	185	8.2	19.6
BDT63158.1	BDT63158.1	100.000	427	0	0	1	427	1	427	0.0	902
BDT63158.1	BDT63139.1	36.364	33	18	2	142	174	710	739	0.58	25.0
BDT63158.1	BDT63120.1	31.707	41	28	0	301	341	282	322	1.4	23.9
BDT63158.1	BDT63120.1	33.333	27	18	0	291	317	120	146	4.0	22.3
BDT63158.1	BDT63125.1	31.579	38	25	1	127	163	4660	4697	7.0	21.6
BDT63158.1	BDT63125.1	29.412	34	23	1	211	243	3547	3580	7.5	21.6
BDT63158.1	BDT63075.1	36.000	25	16	0	252	276	1003	1027	9.8	21.2
BDT63159.1	BDT63159.1	100.000	471	0	0	1	471	1	471	0.0	941
BDT63159.1	BDT63130.1	27.778	36	26	0	194	229	410	445	0.25	26.6
BDT63159.1	BDT63161.1	32.759	58	30	2	363	411	293	350	0.97	24.6
BDT63159.1	BDT63156.1	37.143	35	17	1	421	455	548	577	1.4	23.9
BDT63160.1	BDT63160.1	100.000	621	0	0	1	621	1	621	0.0	1275
BDT63160.1	BDT63157.1	34.375	32	21	0	137	168	107	138	1.2	23.9
BDT63160.1	BDT63099.1	24.370	119	64	5	21	134	95	192	1.6	24.3
BDT63161.1	BDT63161.1	100.000	810	0	0	1	810	1	810	0.0	1651
BDT63161.1	BDT63077.1	27.632	76	40	1	129	189	194	269	0.009	31.6
BDT63161.1	BDT63077.1	40.541	37	22	0	129	165	27	63	0.019	30.4
BDT63161.1	BDT63077.1	64.706	17	6	0	95	111	38	54	2.1	23.9
BDT63161.1	BDT63077.1	64.706	17	6	0	95	111	205	221	7.1	22.3
BDT63161.1	BDT63155.1	36.957	46	25	2	442	486	237	279	2.8	23.9
BDT63161.1	BDT63141.1	26.667	75	47	3	464	530	815	889	4.0	23.5
BDT63161.1	BDT63148.1	29.412	51	36	0	143	193	460	510	5.6	23.1
BDT63161.1	BDT63142.1	26.667	75	50	1	557	626	108	182	6.1	22.7
BDT63161.1	BDT63125.1	37.500	32	20	0	471	502	17	48	7.0	22.7
BDT63161.1	BDT63120.1	34.375	32	21	0	311	342	106	137	8.9	22.3
BDT63162.1	BDT63162.1	100.000	1317	0	0	1	1317	1	1317	0.0	2711
BDT63162.1	BDT63110.1	41.176	34	20	0	607	640	476	509	0.39	27.3
BDT63162.1	BDT63124.1	35.294	34	19	1	307	340	2805	2835	6.4	23.5
